A000062,A000161,A000186,B000145,B000176,B000271,B000356,B000384,B000436,B000820,B000823,B001167,B001180,B001208,C000128,C000154,C000220,C000221,C000338,C000506,C000802,C001006,D000036,D000360,D000456,D000516,D000585,E000018,E000112,E000211,F000190,F000356,F000401,G000131,G000267,G000320,G000418,H000385,H000502,H000559,H000598,H000720,H000875,H000953,H000963,I000050,J000013,J000093,J000160,J000195,K000044,K000107,K000144,K000176,K000292,K000335,L000025,L000070,L000224,L000428,M000053,M000086,M000113,M000177,M000199,M000315,M000332,M000582,M000771,M000859,M001014,M001078,M001108,N000023,N000053,O000088,P000100,P000150,P000460,P000575,R000317,R000536,S000021,S000138,S000187,S000505,S000553,S000590,S000701,S000852,S001136,T000254,T000259,W000190,W000269,W000465,W000518,W000666,Y000047,date,isAmendment,requires,result,title
Yea,Yea,Yea,Yea,Yea,Yea,Yea,Yea,Yea,Yea,Not Voting,Yea,Yea,Yea,Yea,Not Voting,Yea,Yea,Not Voting,Yea,Yea,Yea,Yea,Yea,Yea,Yea,Yea,Yea,Yea,Yea,Yea,Yea,Not Voting,Yea,Present,Yea,Yea,Yea,Yea,Yea,Yea,Yea,Yea,Yea,,Yea,Yea,Yea,Not Voting,Not Voting,Not Voting,Yea,Yea,Yea,Yea,Yea,,Yea,Yea,Yea,Yea,Yea,Yea,Yea,Yea,Yea,Yea,Yea,Present,Yea,Yea,Yea,Yea,Yea,Yea,Yea,Yea,Yea,Yea,Yea,Yea,Not Voting,Yea,Yea,Yea,Not Voting,Yea,Yea,Not Voting,Yea,Yea,Yea,Yea,Yea,Yea,Yea,Yea,,Yea,1956-01-25,0,,Ratified,
Yea,Nay,Nay,Yea,Nay,Nay,Yea,Nay,Nay,Nay,Nay,Yea,Nay,Nay,Nay,Nay,Yea,Yea,Nay,Nay,Nay,Nay,Nay,Nay,Yea,Yea,Nay,Nay,Nay,Nay,Nay,Nay,Nay,Nay,Nay,Yea,Yea,Nay,Yea,Nay,Yea,Nay,Nay,Yea,,Yea,Yea,Nay,Nay,Nay,Yea,Yea,Nay,Yea,Nay,Nay,,Yea,Yea,Nay,Nay,Nay,Nay,Nay,Nay,Nay,Nay,Yea,Not Voting,Nay,Yea,Nay,Nay,Yea,Yea,Nay,Yea,Nay,Yea,Yea,Nay,Nay,Nay,Nay,Nay,Nay,Present,Nay,Yea,Nay,Yea,Nay,Nay,Nay,Nay,Yea,Nay,,Nay,1956-02-06,0,,Rejected,s1853
Yea,Nay,Nay,Yea,Nay,Nay,Yea,Nay,Nay,Nay,Nay,Yea,Nay,Nay,Nay,Nay,Yea,Yea,Nay,Yea,Nay,Nay,Nay,Nay,Yea,Yea,Nay,Nay,Nay,Yea,Nay,Nay,Nay,Present,Nay,Yea,Yea,Nay,Yea,Nay,Yea,Nay,Nay,Yea,,Yea,Yea,Yea,Nay,Nay,Yea,Yea,Nay,Yea,Nay,Nay,,Yea,Yea,Nay,Yea,Nay,Yea,Nay,Nay,Nay,Nay,Yea,Present,Nay,Yea,Nay,Yea,Yea,Yea,Nay,Yea,Nay,Yea,Yea,Yea,Nay,Nay,Nay,Nay,Nay,Present,Yea,Yea,Nay,Yea,Nay,Yea,Nay,Nay,Yea,Yea,,Nay,1956-02-06,0,,Rejected,s1853
Yea,Nay,Nay,Yea,Nay,Nay,Yea,Nay,Nay,Nay,Nay,Yea,Nay,Nay,Nay,Nay,Yea,Yea,Nay,Nay,Nay,Nay,Nay,Nay,Yea,Yea,Nay,Nay,Nay,Nay,Nay,Nay,Nay,Nay,Nay,Yea,Yea,Nay,Yea,Nay,Yea,Nay,Nay,Yea,,Yea,Yea,Present,Nay,Nay,Yea,Yea,Nay,Yea,Nay,Nay,,Yea,Yea,Nay,Yea,Not Voting,Nay,Nay,Nay,Nay,Nay,Yea,Not Voting,Nay,Yea,Nay,Nay,Yea,Yea,Nay,Yea,Nay,Yea,Yea,Nay,Nay,Nay,Nay,Nay,Nay,Present,Yea,Yea,Nay,Yea,Nay,Yea,Nay,Nay,Yea,Nay,,Nay,1956-02-06,0,,unknown,s1853
Yea,Nay,Nay,Yea,Not Voting,Nay,Yea,Nay,Nay,Nay,Nay,Yea,Nay,Nay,Nay,Nay,Yea,Yea,Nay,Nay,Nay,Nay,Nay,Nay,Yea,Yea,Nay,Nay,Nay,Nay,Nay,Nay,Nay,Nay,Nay,Yea,Yea,Nay,Yea,Nay,Yea,Nay,Nay,Yea,,Yea,Yea,Yea,Nay,Nay,Yea,Yea,Nay,Yea,Nay,Nay,,Yea,Yea,Nay,Yea,Nay,Nay,Nay,Nay,Nay,Nay,Yea,Not Voting,Nay,Yea,Yea,Nay,Yea,Yea,Nay,Yea,Nay,Yea,Yea,Nay,Nay,Nay,Nay,Nay,Nay,Present,Nay,Yea,Nay,Not Voting,Nay,Yea,Nay,Nay,Yea,Nay,,Nay,1956-02-06,0,,Rejected,s1853
Yea,Nay,Nay,Yea,Not Voting,Nay,Yea,Nay,Nay,Nay,Nay,Yea,Nay,Nay,Nay,Nay,Yea,Yea,Nay,Nay,Nay,Nay,Nay,Nay,Yea,Yea,Nay,Nay,Nay,Yea,Nay,Nay,Nay,Nay,Nay,Nay,Yea,Nay,Yea,Nay,Yea,Nay,Nay,Yea,,Yea,Yea,Yea,Nay,Nay,Yea,Yea,Nay,Yea,Nay,Nay,,Yea,Yea,Nay,Yea,Nay,Nay,Nay,Nay,Nay,Nay,Yea,Not Voting,Nay,Yea,Yea,Nay,Yea,Yea,Yea,Yea,Nay,Yea,Nay,Nay,Nay,Nay,Nay,Nay,Nay,Present,Yea,Yea,Nay,Yea,Nay,Yea,Nay,Nay,Yea,Nay,,Nay,1956-02-06,0,,Rejected,s1853
Nay,Yea,Yea,Nay,Yea,Yea,Nay,Yea,Yea,Yea,Yea,Nay,Yea,Nay,Yea,Yea,Nay,Nay,Not Voting,Nay,Yea,Yea,Yea,Yea,Nay,Nay,Yea,Yea,Yea,Not Voting,Yea,Yea,Yea,Not Voting,Yea,Nay,Nay,Yea,Nay,Yea,Nay,Yea,Yea,Nay,,Nay,Nay,Nay,Yea,Yea,Nay,Nay,Yea,Nay,Yea,Yea,,Nay,Nay,Yea,Nay,Yea,Yea,Yea,Yea,Yea,Yea,Nay,Not Voting,Yea,Nay,Yea,Yea,Nay,Nay,Yea,Nay,Yea,Nay,Nay,Nay,Nay,Yea,Yea,Yea,Yea,Present,Nay,Nay,Yea,Nay,Yea,Nay,Yea,Yea,Nay,Yea,,Yea,1956-02-06,0,,unknown,hr6645
Yea,Yea,Yea,Yea,Yea,Yea,Yea,Yea,Yea,Yea,Yea,Yea,Yea,Yea,Yea,Yea,Yea,Yea,Yea,Yea,Yea,Yea,Yea,Yea,Yea,Yea,Yea,Yea,Yea,Yea,Yea,Yea,Yea,Yea,Yea,Yea,Yea,Yea,Yea,Yea,Yea,Yea,Yea,Yea,,Yea,Yea,Yea,Yea,Yea,Yea,Not Voting,Yea,Yea,Yea,Yea,,Yea,Yea,Yea,Yea,Yea,Yea,Yea,Yea,Yea,Yea,Not Voting,Not Voting,Yea,Yea,Yea,Yea,Yea,Yea,Not Voting,Yea,Yea,Yea,Yea,Yea,Not Voting,Yea,Yea,Yea,Yea,Present,Yea,Yea,Yea,Yea,Yea,Yea,Yea,Yea,Yea,Yea,,Yea,1956-02-07,0,,Adopted,sres205
Yea,Nay,Nay,Nay,Nay,Yea,Not Voting,Yea,Nay,Yea,Yea,Nay,Yea,Nay,Yea,Yea,Yea,Nay,Nay,Nay,Yea,Nay,Nay,Not Voting,Nay,Yea,Nay,Nay,Yea,Nay,Nay,Nay,Yea,Nay,Nay,Nay,Yea,Nay,Nay,Nay,Nay,Yea,Nay,Nay,,Yea,Nay,Yea,Not Voting,Nay,Present,Nay,Nay,Nay,Yea,Nay,,Yea,Nay,Yea,Nay,Yea,Nay,Nay,Nay,Yea,Nay,Nay,Not Voting,Not Voting,Nay,Nay,Nay,Not Voting,Nay,Nay,Not Voting,Yea,Nay,Not Voting,Nay,Nay,Yea,Yea,Nay,Nay,Present,Yea,Nay,Nay,Nay,Nay,Yea,Yea,Nay,Yea,Yea,,Nay,1956-02-08,0,,Rejected,hr7030
Yea,Yea,Yea,Yea,Not Voting,Not Voting,Yea,Yea,Yea,Yea,Yea,Not Voting,Yea,Yea,Yea,Yea,Not Voting,Yea,Not Voting,Yea,Yea,Yea,Yea,Not Voting,Not Voting,Yea,Yea,Yea,Yea,Yea,Yea,Yea,Yea,Yea,Yea,Not Voting,Not Voting,Yea,Yea,Present,Yea,Yea,Yea,Yea,,Yea,Yea,Present,Yea,Yea,Not Voting,Yea,Yea,Not Voting,Yea,Yea,,Yea,Yea,Yea,Yea,Yea,Yea,Yea,Yea,Present,Yea,Yea,Present,Yea,Yea,Yea,Yea,Yea,Yea,Yea,Yea,Yea,Yea,Yea,Yea,Yea,Yea,Present,Not Voting,Not Voting,Not Voting,Yea,Yea,Yea,Yea,Yea,Yea,Yea,Yea,Not Voting,Yea,,Yea,1956-02-22,0,,Ratified,
Yea,Yea,Yea,Yea,Not Voting,Yea,Yea,Yea,Yea,Yea,Yea,Not Voting,Yea,Yea,Yea,Yea,Not Voting,Yea,Not Voting,Yea,Yea,Yea,Yea,Not Voting,Not Voting,Yea,Yea,Yea,Yea,Yea,Yea,Yea,Yea,Yea,Yea,Yea,Yea,Yea,Yea,Yea,Yea,Yea,Yea,Yea,,Yea,Yea,Not Voting,Yea,Yea,Not Voting,Yea,Yea,Not Voting,Yea,Yea,,Nay,Yea,Yea,Yea,Yea,Yea,Yea,Yea,Present,Yea,Yea,Not Voting,Yea,Yea,Yea,Yea,Yea,Yea,Yea,Yea,Yea,Yea,Yea,Yea,Yea,Yea,Yea,Not Voting,Not Voting,Not Voting,Yea,Yea,Yea,Not Voting,Yea,Yea,Yea,Yea,Not Voting,Yea,,Yea,1956-02-22,0,,Adopted,sres219
Yea,Yea,Yea,Nay,Yea,Yea,Yea,Yea,Yea,Yea,Yea,Yea,Yea,Yea,Yea,Yea,Yea,Nay,Nay,Nay,Yea,Yea,Nay,Yea,Nay,Yea,Yea,Yea,Nay,Nay,Yea,Yea,Nay,Nay,Yea,Nay,Yea,Yea,Nay,Yea,Nay,Yea,Yea,Nay,,Yea,Nay,Yea,Nay,Nay,Nay,Yea,Nay,Yea,Yea,Yea,,Nay,Nay,Nay,Nay,Yea,Nay,Yea,Yea,Nay,Nay,Nay,Yea,Nay,Nay,Nay,Nay,Nay,Nay,Nay,Yea,Yea,Yea,Yea,Yea,Nay,Yea,Yea,Nay,Yea,Yea,Yea,Nay,Yea,Nay,Nay,Nay,Yea,Yea,Yea,Yea,,Nay,1956-03-08,0,,Agreed To,s3183
Nay,Nay,Yea,Yea,Nay,Nay,Nay,Nay,Yea,Nay,Nay,Nay,Nay,Present,Nay,Nay,Nay,Nay,Yea,Yea,Nay,Nay,Yea,Nay,Yea,Nay,Nay,Nay,Yea,Yea,Nay,Yea,Yea,Not Voting,Nay,Yea,Yea,Yea,Yea,Nay,Yea,Yea,Nay,Yea,,Nay,Yea,Nay,Yea,Yea,Yea,Yea,Yea,Nay,Nay,Nay,,Yea,Yea,Yea,Yea,Nay,Yea,Nay,Nay,Nay,Yea,Yea,Not Voting,Yea,Yea,Nay,Yea,Yea,Yea,Yea,Yea,Nay,Nay,Nay,Nay,Nay,Nay,Nay,Yea,Not Voting,Not Voting,Nay,Yea,Yea,Yea,Yea,Nay,Nay,Nay,Nay,Nay,,Yea,1956-03-08,0,,Rejected,s3183
Yea,Yea,Nay,Nay,Yea,Yea,Yea,Yea,Nay,Yea,Yea,Yea,Yea,Present,Yea,Yea,Yea,Yea,Nay,Nay,Yea,Yea,Nay,Yea,Nay,Yea,Yea,Yea,Nay,Nay,Yea,Nay,Nay,Not Voting,Yea,Nay,Nay,Nay,Nay,Yea,Nay,Nay,Yea,Nay,,Yea,Nay,Yea,Nay,Nay,Nay,Nay,Nay,Yea,Yea,Yea,,Nay,Nay,Nay,Nay,Yea,Nay,Yea,Yea,Yea,Nay,Nay,Not Voting,Nay,Nay,Yea,Nay,Nay,Nay,Nay,Nay,Yea,Yea,Yea,Yea,Yea,Yea,Yea,Nay,Not Voting,Yea,Yea,Nay,Nay,Nay,Nay,Yea,Yea,Yea,Yea,Yea,,Nay,1956-03-08,0,,Agreed To,s3183
Nay,Nay,Nay,Yea,Nay,Nay,Nay,Nay,Nay,Nay,Nay,Nay,Nay,Nay,Nay,Nay,Nay,Yea,Yea,Yea,Nay,Nay,Nay,Nay,Yea,Nay,Nay,Yea,Nay,Yea,Nay,Yea,Yea,Yea,Nay,Yea,Nay,Nay,Yea,Nay,Yea,Nay,Nay,Yea,,Nay,Yea,Nay,Yea,Yea,Yea,Nay,Yea,Yea,Nay,Nay,,Yea,Yea,Yea,Yea,Nay,Yea,Nay,Nay,Yea,Nay,Yea,Nay,Yea,Yea,Yea,Yea,Yea,Yea,Yea,Nay,Nay,Nay,Nay,Nay,Yea,Nay,Nay,Yea,Not Voting,Nay,Nay,Yea,Yea,Yea,Yea,Nay,Nay,Nay,Yea,Nay,,Yea,1956-03-09,0,,Rejected,s3183
Nay,Nay,Nay,Yea,Nay,Nay,Nay,Nay,Nay,Nay,Nay,Nay,Nay,Nay,Nay,Nay,Nay,Nay,Yea,Yea,Nay,Nay,Nay,Nay,Yea,Nay,Nay,Nay,Nay,Yea,Nay,Yea,Yea,Yea,Nay,Nay,Nay,Nay,Yea,Nay,Yea,Nay,Nay,Yea,,Nay,Yea,Nay,Yea,Yea,Yea,Nay,Yea,Yea,Nay,Nay,,Yea,Yea,Yea,Yea,Nay,Yea,Nay,Nay,Nay,Nay,Yea,Nay,Yea,Yea,Nay,Yea,Not Voting,Yea,Yea,Nay,Nay,Nay,Nay,Nay,Yea,Nay,Nay,Yea,Not Voting,Nay,Nay,Yea,Nay,Yea,Yea,Nay,Nay,Nay,Nay,Nay,,Nay,1956-03-09,0,,Rejected,s3183
Yea,Nay,Yea,Nay,Yea,Yea,Yea,Yea,Yea,Yea,Yea,Yea,Yea,Not Voting,Yea,Nay,Yea,Nay,Nay,Nay,Yea,Nay,Nay,Yea,Nay,Yea,Yea,Yea,Nay,Nay,Yea,Yea,Nay,Nay,Yea,Nay,Nay,Yea,Nay,Yea,Nay,Yea,Nay,Nay,,Yea,Nay,Yea,Nay,Nay,Nay,Yea,Nay,Yea,Yea,Yea,,Nay,Nay,Nay,Nay,Yea,Nay,Yea,Yea,Not Voting,Yea,Nay,Not Voting,Nay,Nay,Nay,Nay,Not Voting,Nay,Nay,Yea,Yea,Yea,Yea,Yea,Nay,Yea,Nay,Nay,Present,Yea,Yea,Nay,Yea,Nay,Nay,Nay,Yea,Yea,Nay,Yea,,Nay,1956-03-09,0,,unknown,s3183
Yea,Yea,Yea,Nay,Yea,Yea,Yea,Yea,Yea,Yea,Yea,Yea,Yea,Present,Yea,Nay,Yea,Nay,Nay,Nay,Yea,Yea,Nay,Yea,Nay,Yea,Yea,Yea,Nay,Nay,Yea,Nay,Nay,Not Voting,Yea,Nay,Nay,Nay,Nay,Yea,Nay,Yea,Yea,Nay,,Yea,Nay,Yea,Nay,Nay,Nay,Not Voting,Nay,Not Voting,Yea,Yea,,Nay,Nay,Nay,Nay,Yea,Nay,Yea,Yea,Yea,Nay,Nay,Not Voting,Nay,Nay,Nay,Nay,Not Voting,Nay,Nay,Not Voting,Yea,Yea,Yea,Yea,Nay,Yea,Yea,Nay,Present,Yea,Yea,Nay,Yea,Not Voting,Nay,Nay,Yea,Yea,Yea,Yea,,Nay,1956-03-09,0,,Adopted,s3183
Nay,Nay,Nay,Yea,Nay,Nay,Nay,Nay,Nay,Nay,Nay,Nay,Nay,Nay,Nay,Nay,Nay,Nay,Yea,Yea,Not Voting,Nay,Yea,Nay,Yea,Nay,Nay,Nay,Nay,Yea,Nay,Yea,Nay,Yea,Nay,Yea,Nay,Nay,Yea,Nay,Yea,Nay,Nay,Yea,,Nay,Yea,Nay,Yea,Yea,Not Voting,Yea,Yea,Not Voting,Nay,Nay,,Yea,Yea,Nay,Yea,Nay,Yea,Nay,Nay,Yea,Nay,Yea,Nay,Yea,Yea,Yea,Yea,Yea,Yea,Yea,Nay,Nay,Nay,Nay,Nay,Yea,Not Voting,Nay,Yea,Nay,Nay,Nay,Yea,Nay,Yea,Yea,Nay,Nay,Nay,Nay,Nay,,Yea,1956-03-12,0,,Rejected,s3183
Yea,Yea,Yea,Yea,Yea,Yea,Yea,Yea,Yea,Yea,Yea,Yea,Yea,Yea,Yea,Yea,Yea,Yea,Yea,Yea,Not Voting,Yea,Yea,Yea,Yea,Yea,Yea,Nay,Nay,Yea,Yea,Yea,Nay,Yea,Yea,Yea,Yea,Nay,Yea,Yea,Yea,Yea,Yea,Yea,,Yea,Yea,Yea,Yea,Yea,Not Voting,Yea,Nay,Not Voting,Yea,Yea,,Yea,Yea,Nay,Yea,Yea,Yea,Yea,Yea,Yea,Nay,Yea,Yea,Yea,Yea,Yea,Yea,Yea,Yea,Yea,Yea,Yea,Yea,Yea,Yea,Yea,Yea,Yea,Yea,Nay,Yea,Yea,Yea,Nay,Yea,Yea,Yea,Yea,Yea,Yea,Yea,,Yea,1956-03-12,0,,Adopted,s3183
Yea,Yea,Nay,Yea,Yea,Yea,Yea,Yea,Yea,Yea,Yea,Yea,Yea,Yea,Present,Yea,Yea,Yea,Yea,Yea,Not Voting,Yea,Yea,Yea,Yea,Yea,Yea,Nay,Nay,Yea,Yea,Yea,Nay,Yea,Yea,Yea,Yea,Nay,Yea,Yea,Yea,Nay,Yea,Yea,,Yea,Yea,Yea,Yea,Yea,Not Voting,Yea,Nay,Nay,Nay,Yea,,Yea,Yea,Nay,Yea,Yea,Yea,Yea,Yea,Yea,Nay,Yea,Present,Yea,Yea,Yea,Yea,Yea,Yea,Yea,Yea,Yea,Yea,Yea,Not Voting,Present,Yea,Yea,Yea,Yea,Yea,Yea,Yea,Nay,Yea,Yea,Yea,Yea,Yea,Yea,Yea,,Yea,1956-03-12,0,,Adopted,s3183
Yea,Yea,Yea,Yea,Yea,Yea,Yea,Yea,Yea,Yea,Not Voting,Yea,Yea,Not Voting,Yea,Yea,Yea,Yea,Yea,Yea,Yea,Yea,Yea,Yea,Yea,Yea,Yea,Yea,Yea,Yea,Yea,Yea,Yea,Yea,Yea,Yea,Yea,Yea,Yea,Yea,Yea,Yea,Yea,Yea,,Yea,Yea,Yea,Yea,Yea,Not Voting,Yea,Yea,Nay,Yea,Yea,,Yea,Yea,Yea,Yea,Yea,Yea,Yea,Yea,Yea,Yea,Yea,Yea,Yea,Yea,Yea,Yea,Yea,Yea,Yea,Yea,Yea,Yea,Yea,Yea,Yea,Yea,Yea,Yea,Yea,Yea,Yea,Yea,Yea,Yea,Yea,Yea,Yea,Yea,Yea,Yea,,Yea,1956-03-12,0,,Confirmed,
Nay,Yea,Nay,Yea,Yea,Yea,Nay,Nay,Yea,Nay,Not Voting,Nay,Nay,Nay,Nay,Yea,Nay,Yea,Yea,Yea,Nay,Yea,Yea,Nay,Yea,Nay,Yea,Nay,Yea,Yea,Nay,Yea,Yea,Yea,Nay,Nay,Nay,Yea,Yea,Nay,Yea,Nay,Yea,Yea,,Nay,Yea,Nay,Yea,Yea,Not Voting,Nay,Yea,Yea,Nay,Nay,,Yea,Yea,Yea,Yea,Nay,Yea,Nay,Nay,Yea,Yea,Yea,Yea,Yea,Yea,Yea,Yea,Yea,Yea,Yea,Nay,Nay,Nay,Nay,Nay,Yea,Nay,Yea,Yea,Nay,Nay,Nay,Yea,Yea,Yea,Yea,Yea,Nay,Yea,Yea,Nay,,Yea,1956-03-13,0,,Adopted,s3183
Nay,Nay,Nay,Yea,Yea,Nay,Nay,Nay,Yea,Nay,Not Voting,Nay,Nay,Nay,Nay,Yea,Nay,Yea,Yea,Yea,Nay,Yea,Yea,Nay,Nay,Nay,Nay,Nay,Nay,Nay,Nay,Nay,Yea,Yea,Nay,Nay,Nay,Nay,Yea,Nay,Yea,Nay,Nay,Nay,,Nay,Yea,Nay,Yea,Nay,Not Voting,Nay,Yea,Yea,Nay,Nay,,Yea,Nay,Yea,Yea,Nay,Yea,Nay,Nay,Nay,Yea,Yea,Present,Nay,Yea,Nay,Not Voting,Yea,Yea,Yea,Nay,Nay,Nay,Nay,Nay,Yea,Nay,Nay,Nay,Yea,Nay,Nay,Yea,Yea,Yea,Yea,Nay,Nay,Present,Nay,Nay,,Yea,1956-03-13,0,,Rejected,s3183
Nay,Nay,Nay,Yea,Nay,Nay,Nay,Nay,Yea,Nay,Not Voting,Nay,Nay,Yea,Nay,Yea,Nay,Not Voting,Yea,Not Voting,Nay,Nay,Yea,Not Voting,Nay,Nay,Nay,Nay,Yea,Yea,Nay,Yea,Yea,Yea,Nay,Nay,Nay,Yea,Yea,Nay,Yea,Nay,Nay,Yea,,Nay,Yea,Nay,Yea,Yea,Present,Nay,Yea,Yea,Nay,Nay,,Yea,Yea,Yea,Yea,Nay,Yea,Nay,Nay,Yea,Yea,Yea,Not Voting,Yea,Yea,Yea,Yea,Yea,Yea,Yea,Nay,Nay,Nay,Nay,Nay,Yea,Nay,Nay,Yea,Yea,Nay,Nay,Yea,Nay,Yea,Yea,Nay,Nay,Yea,Nay,Nay,,Yea,1956-03-14,0,,Rejected,s3183
Yea,Yea,Yea,Yea,Yea,Yea,Yea,Yea,Yea,Yea,Not Voting,Yea,Yea,Yea,Yea,Yea,Yea,Yea,Yea,Not Voting,Yea,Yea,Yea,Yea,Yea,Yea,Yea,Yea,Yea,Yea,Yea,Yea,Yea,Yea,Yea,Yea,Yea,Yea,Yea,Yea,Yea,Yea,Yea,Yea,,Yea,Yea,Yea,Yea,Yea,Not Voting,Yea,Yea,Yea,Yea,Yea,,Yea,Yea,Yea,Yea,Yea,Yea,Yea,Yea,Yea,Yea,Yea,Not Voting,Not Voting,Yea,Yea,Yea,Yea,Yea,Yea,Yea,Yea,Yea,Yea,Yea,Yea,Yea,Yea,Yea,Yea,Yea,Yea,Yea,Yea,Yea,Yea,Yea,Yea,Not Voting,Yea,Yea,,Yea,1956-03-14,0,,Adopted,s3183
Yea,Yea,Nay,Nay,Nay,Yea,Yea,Nay,Nay,Yea,Present,Yea,Nay,Present,Yea,Nay,Nay,Nay,Yea,Not Voting,Nay,Nay,Nay,Not Voting,Nay,Yea,Nay,Nay,Nay,Nay,Nay,Nay,Nay,Nay,Nay,Nay,Yea,Nay,Nay,Nay,Nay,Nay,Nay,Nay,,Yea,Yea,Yea,Nay,Nay,Present,Not Voting,Nay,Nay,Nay,Yea,,Yea,Yea,Nay,Yea,Nay,Yea,Nay,Nay,Yea,Nay,Yea,Present,Not Voting,Nay,Nay,Nay,Nay,Yea,Nay,Yea,Yea,Yea,Yea,Nay,Nay,Nay,Nay,Nay,Nay,Nay,Yea,Nay,Nay,Yea,Nay,Nay,Nay,Nay,Yea,Nay,,Yea,1956-03-14,0,,Rejected,s3183
Yea,Yea,Yea,Nay,Yea,Yea,Yea,Yea,Not Voting,Yea,Not Voting,Yea,Yea,Nay,Yea,Nay,Yea,Nay,Nay,Nay,Yea,Nay,Nay,Yea,Nay,Yea,Nay,Yea,Nay,Nay,Yea,Yea,Not Voting,Nay,Yea,Not Voting,Yea,Nay,Nay,Yea,Nay,Yea,Yea,Nay,,Yea,Nay,Yea,Nay,Nay,Not Voting,Yea,Nay,Yea,Yea,Yea,Nay,Nay,Nay,Not Voting,Nay,Yea,Nay,Yea,Yea,Not Voting,Nay,Nay,Nay,Nay,Nay,Nay,Nay,Nay,Nay,Nay,Yea,Yea,Yea,Yea,Nay,Nay,Yea,Nay,Nay,Yea,Yea,Yea,Nay,Yea,Nay,Nay,Nay,Yea,Yea,Yea,Yea,,Nay,1956-03-15,0,,Rejected,s3183
Nay,Nay,Nay,Yea,Nay,Nay,Nay,Nay,Yea,Nay,Nay,Nay,Nay,Yea,Nay,Yea,Nay,Yea,Yea,Yea,Nay,Nay,Yea,Nay,Yea,Not Voting,Nay,Nay,Yea,Yea,Nay,Yea,Not Voting,Yea,Nay,Yea,Yea,Yea,Yea,Nay,Yea,Nay,Nay,Yea,,Nay,Yea,Nay,Yea,Yea,Not Voting,Yea,Yea,Not Voting,Nay,Nay,Yea,Yea,Yea,Not Voting,Yea,Nay,Yea,Nay,Nay,Nay,Yea,Yea,Yea,Yea,Yea,Yea,Yea,Yea,Yea,Yea,Yea,Nay,Nay,Nay,Yea,Yea,Nay,Not Voting,Yea,Yea,Nay,Nay,Yea,Nay,Yea,Yea,Yea,Nay,Nay,Nay,Nay,,Yea,1956-03-15,0,,Agreed To,s3183
Yea,Yea,Nay,Nay,Yea,Yea,Yea,Yea,Nay,Yea,Yea,Yea,Yea,Nay,Yea,Yea,Yea,Yea,Nay,Nay,Yea,Yea,Nay,Yea,Nay,Yea,Yea,Nay,Nay,Nay,Yea,Nay,Nay,Nay,Yea,Nay,Nay,Nay,Nay,Yea,Nay,Nay,Yea,Nay,,Yea,Nay,Yea,Nay,Nay,Not Voting,Nay,Nay,Yea,Yea,Yea,Nay,Yea,Nay,Not Voting,Nay,Yea,Nay,Yea,Yea,Yea,Nay,Nay,Yea,Nay,Nay,Yea,Nay,Nay,Nay,Nay,Nay,Yea,Yea,Yea,Nay,Nay,Yea,Yea,Nay,Nay,Yea,Yea,Nay,Nay,Nay,Nay,Yea,Yea,Yea,Yea,Yea,,Nay,1956-03-15,0,,Rejected,hr833
Nay,Nay,Nay,Nay,Nay,Nay,Nay,Nay,Nay,Nay,Nay,Nay,Nay,Present,Nay,Nay,Nay,Yea,Yea,Nay,Nay,Nay,Not Voting,Nay,Yea,Nay,Nay,Nay,Nay,Nay,Nay,Nay,Yea,Nay,Nay,Present,Nay,Nay,Yea,Nay,Yea,Nay,Nay,Yea,,Nay,Yea,Nay,Yea,Yea,Not Voting,Nay,Yea,Yea,Nay,Nay,Yea,Nay,Yea,Not Voting,Not Voting,Nay,Yea,Nay,Nay,Nay,Nay,Yea,Not Voting,Yea,Yea,Nay,Not Voting,Yea,Yea,Present,Nay,Nay,Nay,Nay,Nay,Nay,Nay,Nay,Yea,Yea,Nay,Nay,Yea,Nay,Yea,Yea,Nay,Nay,Nay,Nay,Nay,,Nay,1956-03-15,0,,Rejected,s3183
Nay,Nay,Yea,Yea,Nay,Nay,Nay,Nay,Yea,Nay,Nay,Nay,Nay,Present,Nay,Nay,Nay,Nay,Yea,Yea,Nay,Nay,Not Voting,Nay,Yea,Nay,Nay,Yea,Not Voting,Yea,Nay,Yea,Yea,Yea,Nay,Not Voting,Yea,Yea,Yea,Nay,Yea,Yea,Nay,Yea,,Nay,Yea,Nay,Yea,Yea,Not Voting,Yea,Yea,Yea,Nay,Yea,Yea,Yea,Yea,Not Voting,Yea,Nay,Yea,Nay,Nay,Nay,Yea,Yea,Not Voting,Yea,Yea,Nay,Not Voting,Yea,Yea,Not Voting,Yea,Nay,Nay,Nay,Not Voting,Not Voting,Nay,Nay,Yea,Yea,Nay,Nay,Yea,Yea,Yea,Yea,Nay,Nay,Nay,Nay,Nay,,Yea,1956-03-15,0,,unknown,s3183
Yea,Yea,Yea,Yea,Nay,Yea,Not Voting,Yea,Yea,Yea,Yea,Yea,Yea,Nay,Yea,Not Voting,Yea,Nay,Yea,Yea,Yea,Yea,Not Voting,Yea,Nay,Yea,Yea,Nay,Nay,Nay,Nay,Not Voting,Nay,Nay,Yea,Nay,Nay,Nay,Yea,Yea,Nay,Nay,Yea,Yea,,Nay,Nay,Nay,Yea,Nay,Not Voting,Nay,Yea,Present,Yea,Yea,Nay,Nay,Yea,Not Voting,Nay,Yea,Nay,Yea,Yea,Yea,Nay,Nay,Yea,Yea,Nay,Nay,Nay,Nay,Nay,Nay,Nay,Yea,Yea,Yea,Nay,Nay,Yea,Nay,Nay,Nay,Yea,Yea,Not Voting,Nay,Yea,Nay,Nay,Yea,Yea,Yea,Nay,,Nay,1956-03-16,0,,Adopted,s3183
Nay,Nay,Nay,Nay,Yea,Nay,Not Voting,Nay,Yea,Nay,Yea,Nay,Nay,Nay,Yea,Yea,Nay,Yea,Yea,Nay,Yea,Yea,Not Voting,Nay,Nay,Nay,Yea,Yea,Nay,Yea,Nay,Not Voting,Nay,Yea,Nay,Nay,Nay,Nay,Nay,Nay,Yea,Nay,Yea,Yea,,Nay,Yea,Yea,Nay,Yea,Not Voting,Nay,Nay,Present,Nay,Nay,Yea,Yea,Nay,Not Voting,Yea,Yea,Yea,Nay,Nay,Yea,Yea,Nay,Nay,Nay,Yea,Yea,Yea,Yea,Yea,Yea,Nay,Nay,Yea,Nay,Nay,Yea,Nay,Yea,Yea,Nay,Nay,Nay,Not Voting,Yea,Nay,Yea,Yea,Yea,Yea,Yea,Nay,,Yea,1956-03-16,0,,Rejected,s3183
Yea,Yea,Nay,Nay,Nay,Yea,Yea,Yea,Nay,Yea,Yea,Yea,Yea,Yea,Yea,Yea,Yea,Yea,Nay,Nay,Yea,Yea,Not Voting,Yea,Yea,Yea,Yea,Nay,Nay,Yea,Yea,Yea,Yea,Yea,Nay,Nay,Yea,Nay,Yea,Yea,Yea,Yea,Yea,Nay,,Yea,Nay,Yea,Yea,Yea,Not Voting,Not Voting,Nay,Present,Yea,Yea,Yea,Nay,Nay,Not Voting,Nay,Nay,Nay,Yea,Yea,Yea,Yea,Nay,Nay,Nay,Nay,Yea,Nay,Yea,Nay,Nay,Yea,Yea,Yea,Yea,Yea,Yea,Yea,Yea,Yea,Yea,Yea,Yea,Not Voting,Nay,Yea,Yea,Yea,Yea,Yea,Yea,Yea,,Nay,1956-03-16,0,,Adopted,s3183
Nay,Not Voting,Nay,Yea,Nay,Yea,Yea,Nay,Yea,Not Voting,Yea,Yea,Yea,Present,Not Voting,Present,Yea,Nay,Present,Yea,Yea,Yea,Not Voting,Yea,Nay,Yea,Nay,Nay,Yea,Yea,Nay,Yea,Nay,Not Voting,Yea,Nay,Yea,Yea,Yea,Nay,Yea,Nay,Yea,Yea,,Yea,Yea,Yea,Yea,Yea,Present,Yea,Yea,Not Voting,Yea,Yea,Yea,Nay,Yea,Not Voting,Yea,Yea,Not Voting,Yea,Nay,Yea,Nay,Not Voting,Yea,Yea,Yea,Nay,Yea,Yea,Yea,Present,Yea,Yea,Yea,Yea,Present,Present,Yea,Nay,Yea,Yea,Yea,Yea,Yea,Yea,Not Voting,Yea,Nay,Nay,Nay,Nay,Yea,,Nay,1956-03-16,0,,Adopted,s3183
Nay,Nay,Yea,Yea,Nay,Nay,Nay,Nay,Yea,Nay,Nay,Not Voting,Nay,Yea,Nay,Nay,Nay,Nay,Yea,Yea,Nay,Nay,Yea,Nay,Yea,Nay,Nay,Nay,Nay,Yea,Nay,Yea,Yea,Yea,Nay,Yea,Nay,Yea,Yea,Nay,Yea,Nay,Nay,Yea,,Nay,Yea,Nay,Yea,Yea,Yea,Yea,Yea,Not Voting,Nay,Yea,Yea,Yea,Yea,Yea,Yea,Nay,Yea,Nay,Nay,Not Voting,Yea,Yea,Nay,Yea,Yea,Yea,Yea,Yea,Yea,Yea,Nay,Nay,Nay,Not Voting,Nay,Yea,Nay,Nay,Yea,Nay,Nay,Nay,Yea,Nay,Yea,Yea,Yea,Yea,Nay,Yea,Yea,,Yea,1956-03-19,0,,Adopted,s3183
Nay,Nay,Yea,Yea,Nay,Nay,Nay,Nay,Yea,Nay,Nay,Nay,Nay,Yea,Nay,Nay,Nay,Nay,Yea,Yea,Nay,Nay,Yea,Nay,Yea,Nay,Nay,Yea,Nay,Yea,Nay,Yea,Yea,Yea,Nay,Yea,Yea,Yea,Yea,Nay,Yea,Nay,Nay,Yea,,Nay,Yea,Nay,Yea,Yea,Yea,Yea,Yea,Yea,Nay,Yea,Yea,Yea,Yea,Yea,Yea,Nay,Yea,Nay,Nay,Nay,Yea,Yea,Nay,Yea,Yea,Nay,Yea,Yea,Yea,Yea,Yea,Nay,Nay,Not Voting,Nay,Yea,Nay,Nay,Yea,Yea,Nay,Nay,Yea,Yea,Yea,Yea,Yea,Yea,Nay,Not Voting,Yea,,Yea,1956-03-19,0,,Adopted,s3183
Yea,Yea,Yea,Nay,Yea,Yea,Yea,Yea,Nay,Yea,Yea,Yea,Yea,Yea,Nay,Nay,Yea,Nay,Nay,Nay,Yea,Yea,Nay,Yea,Yea,Yea,Yea,Nay,Nay,Nay,Yea,Yea,Nay,Nay,Yea,Yea,Yea,Nay,Nay,Yea,Nay,Yea,Yea,Nay,,Not Voting,Nay,Nay,Nay,Nay,Nay,Yea,Nay,Yea,Nay,Yea,Nay,Nay,Nay,Nay,Nay,Yea,Nay,Yea,Yea,Yea,Nay,Nay,Yea,Nay,Yea,Nay,Nay,Nay,Nay,Nay,Yea,Yea,Yea,Not Voting,Yea,Nay,Yea,Nay,Nay,Yea,Yea,Yea,Nay,Nay,Nay,Nay,Yea,Yea,Yea,Yea,Yea,,Nay,1956-03-19,0,,Adopted,s3183
Nay,Nay,Yea,Yea,Nay,Nay,Nay,Nay,Yea,Nay,Nay,Nay,Nay,Nay,Nay,Nay,Nay,Nay,Yea,Yea,Nay,Nay,Yea,Nay,Yea,Nay,Nay,Yea,Nay,Yea,Nay,Nay,Yea,Yea,Nay,Yea,Yea,Yea,Yea,Nay,Yea,Yea,Nay,Yea,,Not Voting,Yea,Nay,Yea,Yea,Yea,Yea,Yea,Present,Nay,Not Voting,Yea,Yea,Yea,Yea,Yea,Nay,Yea,Nay,Nay,Nay,Yea,Yea,Nay,Yea,Yea,Nay,Yea,Yea,Yea,Yea,Yea,Nay,Nay,Not Voting,Yea,Not Voting,Nay,Nay,Yea,Yea,Nay,Nay,Yea,Yea,Yea,Yea,Nay,Nay,Nay,Nay,Nay,,Yea,1956-03-19,0,,Adopted,s3183
Nay,Nay,Yea,Yea,Nay,Nay,Nay,Nay,Yea,Nay,Nay,Nay,Nay,Nay,Nay,Nay,Nay,Nay,Yea,Yea,Nay,Nay,Yea,Nay,Yea,Nay,Nay,Yea,Nay,Yea,Nay,Nay,Yea,Yea,Nay,Yea,Yea,Yea,Yea,Nay,Yea,Yea,Nay,Yea,,Not Voting,Yea,Nay,Yea,Yea,Yea,Yea,Yea,Yea,Nay,Not Voting,Yea,Yea,Yea,Yea,Yea,Nay,Yea,Nay,Nay,Nay,Yea,Yea,Nay,Yea,Yea,Nay,Yea,Yea,Yea,Yea,Yea,Nay,Nay,Not Voting,Yea,Not Voting,Nay,Nay,Yea,Yea,Nay,Nay,Yea,Yea,Yea,Yea,Nay,Nay,Nay,Nay,Nay,,Yea,1956-03-19,0,,Adopted,s3183
Nay,Nay,Yea,Yea,Nay,Nay,Nay,Nay,Yea,Nay,Nay,Nay,Nay,Nay,Nay,Nay,Nay,Yea,Yea,Yea,Nay,Nay,Yea,Nay,Yea,Nay,Nay,Nay,Yea,Yea,Nay,Yea,Yea,Yea,Nay,Yea,Yea,Yea,Yea,Nay,Yea,Nay,Nay,Yea,,Not Voting,Yea,Nay,Yea,Yea,Yea,Yea,Yea,Nay,Nay,Nay,Yea,Yea,Yea,Yea,Yea,Nay,Yea,Nay,Nay,Yea,Yea,Yea,Nay,Yea,Yea,Yea,Yea,Yea,Yea,Yea,Yea,Nay,Nay,Not Voting,Nay,Yea,Nay,Nay,Yea,Yea,Nay,Nay,Yea,Nay,Yea,Yea,Yea,Nay,Nay,Nay,Nay,,Yea,1956-03-19,0,,Adopted,s3183
Yea,Yea,Yea,Yea,Yea,Yea,Yea,Yea,Yea,Yea,Yea,Nay,Yea,Yea,Yea,Yea,Yea,Yea,Yea,Yea,Yea,Yea,Yea,Yea,Yea,Yea,Yea,Yea,Yea,Yea,Nay,Yea,Yea,Yea,Yea,Yea,Yea,Yea,Yea,Yea,Yea,Yea,Yea,Yea,,Not Voting,Yea,Yea,Yea,Yea,Yea,Yea,Yea,Nay,Yea,Yea,Yea,Yea,Yea,Yea,Yea,Yea,Yea,Yea,Yea,Yea,Yea,Yea,Yea,Yea,Yea,Yea,Yea,Yea,Yea,Yea,Yea,Yea,Yea,Yea,Yea,Yea,Yea,Yea,Yea,Yea,Yea,Yea,Yea,Yea,Yea,Yea,Yea,Yea,Yea,Yea,Yea,,Yea,1956-03-19,0,,Passed,hr12
Nay,Nay,Nay,Not Voting,Nay,Nay,Nay,Nay,Nay,Nay,Nay,Nay,Present,Nay,Not Voting,Nay,Nay,Nay,Yea,Nay,Nay,Nay,Nay,Nay,Yea,Nay,Nay,Nay,Nay,Not Voting,Nay,Nay,Nay,Nay,Nay,Nay,Nay,Nay,Nay,Nay,Nay,Nay,Nay,Not Voting,,Nay,Yea,Nay,Nay,Not Voting,Present,Nay,Nay,Yea,Nay,Nay,Yea,Yea,Yea,Yea,Not Voting,Nay,Yea,Nay,Nay,Nay,Nay,Nay,Nay,Not Voting,Yea,Nay,Not Voting,Yea,Yea,Yea,Nay,Nay,Nay,Nay,Nay,Not Voting,Nay,Nay,Nay,Nay,Nay,Yea,Not Voting,Nay,Nay,Nay,Present,Nay,Present,Nay,Nay,,Nay,1956-03-27,0,,Rejected,sjres31
Nay,Nay,Nay,Not Voting,Nay,Nay,Nay,Nay,Nay,Nay,Nay,Nay,Present,Nay,Not Voting,Nay,Nay,Nay,Yea,Not Voting,Nay,Nay,Nay,Nay,Yea,Nay,Nay,Nay,Nay,Nay,Not Voting,Nay,Nay,Nay,Nay,Yea,Nay,Yea,Yea,Nay,Nay,Nay,Nay,Not Voting,,Nay,Yea,Nay,Nay,Nay,Present,Nay,Nay,Yea,Nay,Nay,Yea,Yea,Yea,Yea,Not Voting,Nay,Yea,Nay,Nay,Nay,Nay,Yea,Nay,Not Voting,Yea,Nay,Not Voting,Yea,Yea,Yea,Yea,Nay,Nay,Nay,Nay,Nay,Nay,Nay,Nay,Nay,Nay,Nay,Not Voting,Nay,Nay,Nay,Present,Nay,Present,Nay,Nay,,Nay,1956-03-27,0,,Rejected,sjres31
Nay,Yea,Nay,Present,Nay,Nay,Yea,Nay,Nay,Nay,Nay,Yea,Present,Nay,Not Voting,Nay,Yea,Nay,Nay,Nay,Nay,Nay,Nay,Nay,Yea,Nay,Nay,Nay,Nay,Nay,Not Voting,Nay,Nay,Nay,Nay,Nay,Nay,Nay,Yea,Nay,Nay,Nay,Nay,Not Voting,,Yea,Yea,Nay,Nay,Nay,Present,Nay,Nay,Nay,Nay,Yea,Nay,Nay,Yea,Nay,Yea,Nay,Yea,Nay,Nay,Nay,Nay,Nay,Nay,Not Voting,Yea,Nay,Not Voting,Yea,Yea,Nay,Yea,Nay,Yea,Yea,Nay,Nay,Nay,Nay,Nay,Nay,Yea,Nay,Nay,Nay,Nay,Nay,Present,Nay,Present,Yea,Nay,,Nay,1956-03-27,0,,Rejected,sjres31
Nay,Nay,Yea,Not Voting,Yea,Nay,Nay,Yea,Yea,Yea,Yea,Nay,Present,Yea,Not Voting,Yea,Nay,Yea,Yea,Yea,Nay,Yea,Yea,Yea,Nay,Nay,Yea,Yea,Nay,Yea,Not Voting,Yea,Yea,Yea,Yea,Yea,Nay,Nay,Nay,Yea,Yea,Yea,Yea,Not Voting,,Nay,Nay,Yea,Yea,Yea,Present,Nay,Yea,Yea,Yea,Nay,Nay,Nay,Nay,Nay,Nay,Present,Yea,Nay,Yea,Yea,Yea,Nay,Yea,Present,Nay,Yea,Not Voting,Nay,Nay,Nay,Nay,Nay,Nay,Nay,Yea,Yea,Nay,Yea,Yea,Yea,Nay,Nay,Yea,Yea,Nay,Yea,Present,Nay,Not Voting,Yea,Yea,,Yea,1956-03-27,0,,unknown,sjres31
Nay,Nay,Present,Nay,Yea,Nay,Nay,Nay,Nay,Nay,Nay,Nay,Nay,Not Voting,Nay,Nay,Nay,Nay,Not Voting,Yea,Nay,Nay,Nay,Nay,Nay,Nay,Nay,Nay,Nay,Yea,Nay,Nay,Yea,Not Voting,Nay,Yea,Yea,Nay,Nay,Nay,Yea,Nay,Nay,Yea,,Not Voting,Yea,Yea,Nay,Nay,Yea,Yea,Yea,Nay,Nay,Nay,Nay,Yea,Yea,Present,Not Voting,Nay,Yea,Nay,Nay,Yea,Nay,Yea,Nay,Present,Yea,Yea,Yea,Yea,Yea,Nay,Yea,Yea,Nay,Nay,Nay,Nay,Nay,Nay,Nay,Not Voting,Nay,Yea,Not Voting,Nay,Nay,Yea,Nay,Nay,Yea,Nay,Nay,Nay,Nay,1956-04-11,0,,Rejected,sconres2
Nay,Nay,Not Voting,Yea,Nay,Nay,Nay,Nay,Yea,Nay,Nay,Nay,Nay,Not Voting,Yea,Yea,Nay,Yea,Not Voting,Yea,Nay,Yea,Yea,Nay,Yea,Nay,Yea,Nay,Yea,Yea,Nay,Yea,Yea,Yea,Nay,Yea,Not Voting,Yea,Yea,Yea,Yea,Nay,Nay,Yea,,Not Voting,Yea,Nay,Not Voting,Yea,Yea,Nay,Yea,Yea,Nay,Nay,Yea,Yea,Yea,Yea,Not Voting,Nay,Yea,Nay,Yea,Yea,Yea,Yea,Nay,Not Voting,Yea,Yea,Yea,Yea,Yea,Nay,Not Voting,Nay,Nay,Nay,Not Voting,Yea,Nay,Yea,Yea,Not Voting,Nay,Nay,Yea,Yea,Yea,Nay,Yea,Nay,Yea,Yea,Nay,Yea,Yea,1956-04-11,0,,unknown,hr12
Yea,Yea,Yea,Yea,Yea,Yea,Yea,Yea,Yea,Yea,Yea,Yea,Not Voting,Not Voting,Yea,Yea,Yea,Yea,Yea,Yea,Yea,Yea,Not Voting,Yea,Yea,Yea,Yea,Not Voting,Yea,Yea,Yea,Yea,Yea,Not Voting,Yea,Yea,Yea,Yea,Yea,Present,Not Voting,Yea,Yea,Yea,,Not Voting,Yea,Yea,Yea,Yea,Not Voting,Yea,Yea,Yea,Yea,Yea,Yea,Yea,Yea,Yea,Yea,Yea,Not Voting,Yea,Yea,Not Voting,Yea,Yea,Yea,Not Voting,Yea,Yea,Yea,Yea,Yea,Yea,Yea,Yea,Yea,Yea,Yea,Yea,Yea,Yea,Not Voting,Not Voting,Yea,Yea,Yea,Yea,Yea,Nay,Yea,Yea,Yea,Not Voting,Yea,Yea,Yea,1956-04-19,0,,unknown,
Nay,Nay,Nay,Nay,Yea,Yea,Yea,Yea,Nay,Yea,Yea,Nay,Yea,Not Voting,Yea,Yea,Nay,Yea,Nay,Nay,Yea,Yea,Present,Yea,Nay,Yea,Yea,Not Voting,Yea,Nay,Yea,Yea,Nay,Present,Yea,Nay,Nay,Nay,Nay,Present,Present,Nay,Yea,Nay,,Not Voting,Nay,Yea,Nay,Yea,Present,Nay,Nay,Nay,Yea,Nay,Nay,Nay,Nay,Nay,Nay,Yea,Nay,Yea,Yea,Present,Yea,Nay,Yea,Present,Nay,Yea,Nay,Nay,Nay,Nay,Nay,Yea,Nay,Yea,Yea,Yea,Yea,Yea,Not Voting,Present,Nay,Yea,Nay,Yea,Nay,Nay,Yea,Yea,Yea,Not Voting,Yea,Yea,Yea,1956-04-19,0,,Agreed To,sjres97
Yea,Not Voting,Yea,Yea,Not Voting,Nay,Present,Nay,Nay,Nay,Yea,Present,Nay,Yea,Yea,Nay,Yea,Nay,Present,Present,Yea,Yea,Yea,Yea,Yea,Yea,Present,Yea,Yea,Yea,Not Voting,Nay,Yea,Yea,Present,Not Voting,Nay,Nay,Yea,Present,Yea,Yea,Yea,Yea,,Present,Yea,Yea,Yea,Yea,Yea,Present,Yea,Nay,Nay,Yea,Yea,Yea,Yea,Yea,Yea,Nay,Yea,Yea,Yea,Yea,Yea,Yea,Yea,Not Voting,Yea,Nay,Yea,Yea,Yea,Not Voting,Yea,Yea,Yea,Yea,Nay,Yea,Present,Nay,Yea,Yea,Yea,Yea,Not Voting,Not Voting,Yea,Yea,Nay,Not Voting,Yea,Present,Nay,Yea,Nay,1956-04-24,0,,Adopted,s2577
Nay,Nay,Nay,Nay,Nay,Yea,Yea,Present,Yea,Yea,Nay,Nay,Present,Nay,Yea,Nay,Nay,Nay,Present,Nay,Nay,Nay,Nay,Nay,Nay,Nay,Nay,Nay,Not Voting,Not Voting,Nay,Nay,Nay,Yea,Yea,Nay,Nay,Nay,Nay,Present,Nay,Nay,Nay,Nay,,Present,Nay,Yea,Nay,Nay,Present,Nay,Nay,Yea,Yea,Yea,Nay,Nay,Present,Nay,Nay,Yea,Present,Nay,Nay,Nay,Nay,Nay,Nay,Nay,Nay,Nay,Present,Nay,Nay,Nay,Nay,Nay,Nay,Nay,Nay,Yea,Nay,Yea,Nay,Nay,Nay,Nay,Present,Not Voting,Nay,Yea,Nay,Present,Nay,Present,Nay,Nay,Nay,1956-04-25,0,,Rejected,s2577
Nay,Not Voting,Yea,Yea,Nay,Present,Nay,Present,Yea,Nay,Nay,Nay,Present,Nay,Yea,Nay,Nay,Nay,Present,Yea,Nay,Nay,Nay,Nay,Yea,Not Voting,Nay,Nay,Nay,Nay,Nay,Nay,Nay,Nay,Yea,Yea,Nay,Yea,Nay,Present,Yea,Nay,Nay,Yea,,Present,Yea,Yea,Nay,Nay,Not Voting,Nay,Yea,Yea,Yea,Yea,Yea,Yea,Present,Nay,Yea,Nay,Present,Nay,Nay,Nay,Nay,Yea,Nay,Nay,Yea,Nay,Present,Yea,Yea,Yea,Nay,Nay,Yea,Nay,Nay,Not Voting,Nay,Nay,Yea,Nay,Nay,Nay,Present,Present,Nay,Nay,Nay,Present,Nay,Present,Nay,Yea,Yea,1956-04-25,0,,Rejected,s2577
Nay,Yea,Nay,Yea,Present,Nay,Nay,Yea,Not Voting,Yea,Yea,Nay,Yea,Yea,Present,Yea,Nay,Yea,Nay,Not Voting,Yea,Yea,Yea,Yea,Nay,Nay,Yea,Yea,Nay,Nay,Yea,Not Voting,Nay,Present,Present,Nay,Nay,Nay,Nay,Yea,Nay,Yea,Yea,Nay,,Present,Nay,Present,Not Voting,Nay,Not Voting,Nay,Nay,Nay,Yea,Present,Not Voting,Nay,Nay,Nay,Nay,Present,Nay,Yea,Yea,Nay,Present,Nay,Yea,Not Voting,Nay,Yea,Nay,Not Voting,Nay,Nay,Present,Nay,Nay,Nay,Yea,Present,Nay,Yea,Nay,Present,Nay,Yea,Nay,Yea,Nay,Nay,Nay,Yea,Present,Yea,Yea,Yea,Yea,1956-05-09,0,,Rejected,s3073
Yea,Yea,Yea,Nay,Present,Yea,Yea,Nay,Not Voting,Nay,Nay,Yea,Nay,Nay,Present,Nay,Yea,Yea,Yea,Not Voting,Nay,Nay,Nay,Nay,Yea,Nay,Nay,Nay,Nay,Yea,Nay,Present,Present,Present,Present,Yea,Yea,Yea,Yea,Nay,Yea,Nay,Yea,Yea,,Present,Yea,Present,Not Voting,Yea,Not Voting,Yea,Yea,Nay,Nay,Present,Not Voting,Yea,Yea,Yea,Yea,Present,Yea,Nay,Nay,Nay,Present,Yea,Nay,Not Voting,Yea,Nay,Yea,Not Voting,Yea,Yea,Present,Yea,Yea,Yea,Present,Present,Nay,Nay,Yea,Present,Nay,Yea,Yea,Yea,Nay,Yea,Nay,Nay,Present,Yea,Nay,Yea,Nay,1956-05-09,0,,Passed,s3073
Yea,Yea,Present,Nay,Present,Not Voting,Yea,Yea,Present,Present,Present,Nay,Yea,Present,Yea,Yea,Yea,Yea,Not Voting,Not Voting,Yea,Yea,Nay,Yea,Nay,Yea,Yea,Nay,Present,Nay,Yea,Yea,Not Voting,Present,Yea,Not Voting,Nay,Nay,Not Voting,Present,Nay,Nay,Yea,Nay,,Present,Nay,Yea,Nay,Nay,Not Voting,Nay,Yea,Nay,Yea,Nay,Nay,Nay,Nay,Nay,Nay,Present,Nay,Yea,Yea,Yea,Present,Nay,Yea,Nay,Nay,Not Voting,Nay,Not Voting,Nay,Present,Not Voting,Yea,Yea,Yea,Yea,Yea,Yea,Yea,Nay,Not Voting,Yea,Yea,Nay,Nay,Nay,Not Voting,Yea,Yea,Not Voting,Yea,Yea,Nay,Yea,1956-05-10,0,,Adopted,s3732
Yea,Yea,Present,Nay,Present,Not Voting,Yea,Yea,Present,Not Voting,Present,Yea,Present,Present,Yea,Yea,Yea,Nay,Not Voting,Not Voting,Yea,Yea,Yea,Yea,Yea,Yea,Yea,Yea,Present,Yea,Yea,Nay,Not Voting,Present,Yea,Not Voting,Yea,Not Voting,Not Voting,Present,Yea,Yea,Yea,Yea,,Not Voting,Yea,Yea,Yea,Yea,Not Voting,Yea,Nay,Nay,Yea,Yea,Yea,Nay,Yea,Yea,Yea,Not Voting,Yea,Yea,Yea,Yea,Present,Yea,Yea,Yea,Yea,Not Voting,Yea,Not Voting,Yea,Present,Not Voting,Yea,Yea,Yea,Nay,Nay,Yea,Yea,Yea,Not Voting,Yea,Yea,Yea,Yea,Yea,Nay,Yea,Yea,Not Voting,Yea,Yea,Nay,Yea,1956-05-10,0,,Passed,s3732
Nay,Yea,Nay,Yea,Yea,Yea,Not Voting,Yea,Nay,Yea,Yea,Yea,Yea,Yea,Yea,Present,Nay,Yea,Nay,Nay,Yea,Yea,Nay,Yea,Nay,Yea,Yea,Nay,Nay,Not Voting,Not Voting,Nay,Nay,Nay,Not Voting,Nay,Nay,Nay,Nay,Yea,Nay,Yea,Yea,Nay,,Yea,Nay,Yea,Nay,Nay,Nay,Nay,Nay,Nay,Yea,Nay,Nay,Nay,Nay,Nay,Nay,Present,Nay,Yea,Yea,Yea,Nay,Nay,Yea,Nay,Nay,Yea,Nay,Nay,Nay,Nay,Nay,Yea,Yea,Yea,Yea,Nay,Yea,Yea,Not Voting,Nay,Yea,Nay,Nay,Nay,Nay,Nay,Yea,Yea,Not Voting,Yea,Yea,Nay,Not Voting,1956-05-16,0,,Rejected,s1823
Yea,Nay,Yea,Not Voting,Nay,Nay,Not Voting,Nay,Yea,Nay,Nay,Nay,Nay,Nay,Nay,Present,Yea,Yea,Yea,Yea,Nay,Nay,Yea,Nay,Yea,Nay,Nay,Yea,Yea,Not Voting,Not Voting,Nay,Yea,Yea,Not Voting,Yea,Yea,Yea,Yea,Nay,Yea,Nay,Nay,Yea,,Nay,Yea,Nay,Yea,Yea,Yea,Yea,Yea,Nay,Nay,Yea,Yea,Yea,Yea,Yea,Yea,Present,Yea,Nay,Nay,Nay,Yea,Yea,Nay,Yea,Yea,Yea,Yea,Yea,Yea,Yea,Yea,Nay,Nay,Nay,Nay,Yea,Nay,Nay,Not Voting,Nay,Nay,Yea,Yea,Yea,Yea,Yea,Nay,Nay,Not Voting,Nay,Nay,Nay,Yea,1956-05-16,0,,Passed,s1823
Yea,Yea,Nay,Nay,Yea,Yea,Nay,Yea,Nay,Nay,Yea,Yea,Yea,Yea,Nay,Not Voting,Yea,Yea,Yea,Nay,Yea,Yea,Nay,Nay,Nay,Yea,Nay,Yea,Nay,Not Voting,Yea,Yea,Not Voting,Yea,Nay,Present,Yea,Nay,Nay,Nay,Yea,Nay,Yea,Nay,,Yea,Yea,Nay,Nay,Nay,Not Voting,Not Voting,Nay,Nay,Yea,Yea,Yea,Yea,Not Voting,Nay,Yea,Not Voting,Yea,Yea,Nay,Present,Yea,Nay,Yea,Nay,Not Voting,Yea,Not Voting,Not Voting,Yea,Nay,Yea,Yea,Yea,Yea,Nay,Yea,Yea,Yea,Not Voting,Not Voting,Yea,Yea,Yea,Nay,Nay,Yea,Nay,Yea,Not Voting,Yea,Yea,Nay,Yea,1956-05-18,0,,Adopted,hr10975
Nay,Yea,Nay,Nay,Yea,Yea,Yea,Yea,Nay,Yea,Yea,Yea,Yea,Yea,Yea,Not Voting,Yea,Nay,Nay,Nay,Yea,Nay,Nay,Yea,Nay,Yea,Yea,Nay,Nay,Nay,Yea,Yea,Not Voting,Nay,Yea,Present,Yea,Nay,Nay,Nay,Not Voting,Nay,Nay,Nay,,Yea,Yea,Yea,Nay,Nay,Not Voting,Not Voting,Nay,Nay,Yea,Yea,Nay,Nay,Not Voting,Nay,Yea,Present,Nay,Yea,Nay,Nay,Nay,Nay,Yea,Nay,Not Voting,Nay,Nay,Nay,Nay,Nay,Yea,Yea,Yea,Yea,Yea,Yea,Yea,Nay,Not Voting,Nay,Yea,Yea,Not Voting,Nay,Nay,Yea,Nay,Yea,Not Voting,Nay,Yea,Nay,Nay,1956-05-18,0,,Rejected,hr10875
Yea,Yea,Yea,Yea,Yea,Nay,Yea,Yea,Yea,Yea,Yea,Yea,Nay,Yea,Yea,Not Voting,Yea,Yea,Nay,Nay,Yea,Yea,Nay,Yea,Yea,Yea,Yea,Yea,Nay,Yea,Yea,Nay,Not Voting,Yea,Yea,Present,Yea,Yea,Yea,Yea,Yea,Yea,Yea,Nay,,Yea,Nay,Yea,Nay,Yea,Yea,Not Voting,Nay,Yea,Yea,Yea,Yea,Nay,Yea,Yea,Yea,Not Voting,Yea,Yea,Yea,Yea,Yea,Yea,Yea,Nay,Not Voting,Yea,Yea,Yea,Yea,Yea,Yea,Yea,Yea,Yea,Yea,Yea,Yea,Yea,Not Voting,Yea,Yea,Yea,Yea,Yea,Yea,Yea,Yea,Yea,Not Voting,Yea,Nay,Yea,Yea,1956-05-18,0,,Adopted,hr10875
Nay,Yea,Nay,Nay,Nay,Nay,Yea,Nay,Nay,Yea,Present,Not Voting,Nay,Nay,Nay,Not Voting,Yea,Nay,Nay,Nay,Yea,Nay,Nay,Nay,Yea,Nay,Nay,Nay,Nay,Nay,Nay,Nay,Not Voting,Not Voting,Nay,Not Voting,Nay,Nay,Nay,Nay,Nay,Nay,Nay,Nay,,Nay,Nay,Nay,Nay,Nay,Nay,Not Voting,Nay,Nay,Yea,Nay,Nay,Nay,Nay,Nay,Nay,Present,Nay,Yea,Nay,Nay,Nay,Nay,Yea,Nay,Not Voting,Nay,Nay,Nay,Nay,Nay,Nay,Yea,Nay,Nay,Nay,Nay,Nay,Nay,Not Voting,Nay,Yea,Nay,Nay,Nay,Nay,Yea,Nay,Yea,Not Voting,Nay,Yea,Nay,Nay,1956-05-18,0,,Rejected,hr10875
Nay,Yea,Nay,Nay,Yea,Yea,Yea,Yea,Nay,Present,Yea,Not Voting,Yea,Present,Nay,Not Voting,Yea,Yea,Present,Nay,Yea,Yea,Nay,Yea,Not Voting,Yea,Yea,Nay,Nay,Nay,Yea,Yea,Present,Nay,Yea,Present,Present,Yea,Nay,Yea,Yea,Nay,Yea,Yea,,Present,Nay,Yea,Nay,Nay,Nay,Present,Nay,Yea,Nay,Yea,Nay,Yea,Nay,Nay,Nay,Not Voting,Yea,Yea,Yea,Yea,Nay,Yea,Nay,Nay,Not Voting,Yea,Present,Not Voting,Yea,Present,Not Voting,Yea,Yea,Yea,Yea,Yea,Yea,Yea,Not Voting,Not Voting,Present,Yea,Yea,Nay,Nay,Yea,Nay,Yea,Not Voting,Not Voting,Yea,Nay,Yea,1956-05-18,0,,Adopted,hr10875
Yea,Nay,Yea,Yea,Nay,Yea,Yea,Yea,Yea,Present,Not Voting,Not Voting,Yea,Present,Yea,Not Voting,Yea,Yea,Present,Yea,Nay,Yea,Yea,Yea,Not Voting,Yea,Nay,Not Voting,Yea,Yea,Nay,Nay,Present,Yea,Nay,Present,Present,Yea,Yea,Yea,Yea,Yea,Yea,Yea,,Present,Yea,Nay,Yea,Yea,Yea,Present,Yea,Nay,Yea,Nay,Yea,Nay,Yea,Yea,Yea,Not Voting,Yea,Nay,Yea,Nay,Yea,Yea,Yea,Yea,Not Voting,Nay,Present,Not Voting,Yea,Present,Not Voting,Nay,Nay,Nay,Nay,Nay,Yea,Nay,Not Voting,Not Voting,Present,Nay,Yea,Yea,Yea,Nay,Yea,Yea,Not Voting,Not Voting,Nay,Yea,Nay,1956-05-18,0,,Adopted,hr10875
Nay,Yea,Nay,Yea,Yea,Nay,Nay,Nay,Nay,Present,Not Voting,Not Voting,Nay,Present,Nay,Not Voting,Nay,Yea,Present,Nay,Yea,Nay,Nay,Yea,Not Voting,Nay,Yea,Not Voting,Nay,Nay,Yea,Yea,Present,Nay,Yea,Present,Present,Nay,Nay,Nay,Nay,Nay,Nay,Yea,,Present,Nay,Yea,Nay,Nay,Nay,Present,Nay,Yea,Nay,Yea,Nay,Yea,Nay,Nay,Nay,Not Voting,Yea,Yea,Nay,Yea,Nay,Yea,Nay,Nay,Not Voting,Yea,Present,Not Voting,Yea,Present,Not Voting,Yea,Yea,Yea,Yea,Yea,Nay,Yea,Not Voting,Not Voting,Present,Yea,Nay,Nay,Nay,Yea,Nay,Nay,Not Voting,Not Voting,Yea,Nay,Yea,1956-05-18,0,,Rejected,hr10875
Yea,Yea,Nay,Yea,Yea,Nay,Not Voting,Yea,Nay,Yea,Yea,Yea,Nay,Yea,Nay,Yea,Yea,Yea,Not Voting,Not Voting,Yea,Yea,Nay,Yea,Nay,Nay,Yea,Nay,Nay,Not Voting,Yea,Yea,Nay,Nay,Yea,Yea,Nay,Nay,Nay,Present,Nay,Nay,Yea,Nay,,Nay,Nay,Present,Not Voting,Nay,Not Voting,Nay,Not Voting,Yea,Yea,Nay,Nay,Nay,Nay,Nay,Nay,Yea,Nay,Yea,Yea,Nay,Nay,Nay,Yea,Nay,Nay,Yea,Nay,Not Voting,Nay,Nay,Nay,Yea,Present,Yea,Yea,Yea,Not Voting,Yea,Nay,Nay,Yea,Nay,Nay,Yea,Nay,Nay,Yea,Yea,Nay,Present,Yea,Nay,Nay,1956-05-23,0,,Rejected,s2875
Nay,Yea,Nay,Yea,Nay,Nay,Not Voting,Nay,Nay,Yea,Yea,Nay,Nay,Yea,Nay,Nay,Nay,Yea,Nay,Not Voting,Nay,Yea,Nay,Nay,Nay,Nay,Yea,Nay,Nay,Not Voting,Yea,Nay,Nay,Not Voting,Nay,Present,Nay,Nay,Nay,Present,Nay,Nay,Nay,Nay,,Nay,Nay,Present,Not Voting,Nay,Not Voting,Nay,Nay,Yea,Yea,Nay,Nay,Nay,Nay,Nay,Nay,Present,Nay,Yea,Nay,Nay,Nay,Nay,Yea,Nay,Nay,Yea,Nay,Not Voting,Nay,Nay,Nay,Nay,Present,Nay,Nay,Nay,Not Voting,Yea,Nay,Nay,Yea,Nay,Nay,Nay,Nay,Nay,Nay,Yea,Nay,Present,Yea,Nay,Nay,1956-05-23,0,,Rejected,s2875
Present,Yea,Nay,Yea,Yea,Yea,Not Voting,Yea,Nay,Yea,Yea,Yea,Yea,Yea,Not Voting,Yea,Yea,Yea,Nay,Not Voting,Yea,Yea,Nay,Yea,Nay,Yea,Present,Not Voting,Nay,Not Voting,Yea,Nay,Nay,Nay,Yea,Nay,Nay,Nay,Nay,Present,Nay,Nay,Yea,Nay,,Yea,Nay,Yea,Nay,Nay,Not Voting,Nay,Nay,Nay,Yea,Yea,Nay,Nay,Nay,Nay,Nay,Yea,Nay,Yea,Not Voting,Present,Nay,Nay,Yea,Nay,Nay,Yea,Nay,Not Voting,Nay,Nay,Nay,Yea,Yea,Yea,Yea,Nay,Yea,Yea,Not Voting,Nay,Yea,Yea,Nay,Nay,Nay,Yea,Yea,Yea,Yea,Present,Yea,Nay,Yea,1956-05-24,0,,Rejected,s3855
Present,Nay,Yea,Yea,Nay,Not Voting,Not Voting,Nay,Yea,Nay,Nay,Nay,Nay,Nay,Not Voting,Nay,Nay,Nay,Yea,Not Voting,Nay,Nay,Yea,Nay,Yea,Nay,Present,Not Voting,Yea,Not Voting,Nay,Yea,Yea,Yea,Nay,Yea,Yea,Yea,Yea,Present,Yea,Yea,Nay,Yea,,Nay,Yea,Nay,Yea,Yea,Not Voting,Yea,Yea,Yea,Nay,Nay,Yea,Yea,Yea,Yea,Yea,Nay,Yea,Nay,Nay,Present,Yea,Yea,Nay,Yea,Yea,Nay,Yea,Not Voting,Yea,Yea,Yea,Nay,Nay,Nay,Not Voting,Yea,Nay,Nay,Not Voting,Yea,Nay,Nay,Yea,Yea,Yea,Yea,Nay,Nay,Nay,Present,Nay,Yea,Nay,1956-05-24,0,,Adopted,s3855
Present,Yea,Nay,Nay,Yea,Not Voting,Not Voting,Yea,Nay,Yea,Yea,Nay,Yea,Yea,Not Voting,Yea,Nay,Yea,Nay,Not Voting,Yea,Yea,Nay,Yea,Nay,Not Voting,Present,Not Voting,Nay,Present,Yea,Nay,Nay,Yea,Yea,Nay,Nay,Nay,Nay,Present,Nay,Yea,Yea,Nay,,Nay,Nay,Yea,Nay,Nay,Not Voting,Nay,Nay,Nay,Yea,Yea,Nay,Nay,Nay,Not Voting,Nay,Yea,Nay,Yea,Yea,Present,Yea,Nay,Yea,Nay,Nay,Yea,Nay,Not Voting,Nay,Nay,Nay,Nay,Yea,Nay,Yea,Yea,Yea,Yea,Not Voting,Yea,Yea,Nay,Nay,Nay,Nay,Yea,Yea,Yea,Yea,Present,Yea,Nay,Yea,1956-05-24,0,,Rejected,s3855
Present,Yea,Nay,Yea,Yea,Present,Not Voting,Yea,Nay,Yea,Present,Yea,Present,Yea,Present,Yea,Nay,Yea,Nay,Not Voting,Yea,Yea,Nay,Present,Nay,Not Voting,Present,Present,Nay,Present,Present,Nay,Nay,Nay,Yea,Nay,Nay,Nay,Nay,Present,Nay,Nay,Yea,Nay,,Nay,Nay,Yea,Nay,Nay,Not Voting,Nay,Nay,Nay,Yea,Yea,Nay,Nay,Nay,Nay,Nay,Yea,Nay,Yea,Yea,Present,Nay,Nay,Yea,Nay,Nay,Yea,Nay,Not Voting,Nay,Nay,Nay,Yea,Yea,Yea,Yea,Nay,Yea,Yea,Not Voting,Nay,Yea,Nay,Nay,Nay,Nay,Yea,Yea,Yea,Yea,Present,Yea,Nay,Yea,1956-05-24,0,,Rejected,s3855
Nay,Not Voting,Nay,Yea,Yea,Nay,Nay,Yea,Nay,Yea,Yea,Nay,Nay,Yea,Not Voting,Yea,Nay,Yea,Nay,Not Voting,Yea,Yea,Yea,Yea,Nay,Nay,Yea,Yea,Not Voting,Yea,Not Voting,Yea,Not Voting,Yea,Yea,Nay,Nay,Nay,Nay,Present,Nay,Yea,Yea,Nay,,Present,Nay,Present,Present,Yea,Not Voting,Nay,Nay,Nay,Yea,Nay,Nay,Nay,Nay,Not Voting,Nay,Yea,Nay,Yea,Yea,Not Voting,Yea,Nay,Yea,Nay,Nay,Yea,Nay,Not Voting,Nay,Nay,Nay,Nay,Nay,Nay,Yea,Yea,Yea,Not Voting,Nay,Yea,Yea,Nay,Present,Yea,Nay,Yea,Yea,Yea,Yea,Present,Yea,Yea,Yea,1956-05-29,0,,unknown,hr10660
Nay,Yea,Nay,Yea,Yea,Nay,Nay,Yea,Nay,Yea,Yea,Nay,Nay,Yea,Not Voting,Yea,Nay,Yea,Nay,Not Voting,Yea,Yea,Yea,Yea,Nay,Nay,Yea,Yea,Not Voting,Yea,Not Voting,Yea,Not Voting,Yea,Yea,Nay,Nay,Nay,Nay,Present,Nay,Yea,Yea,Nay,,Present,Nay,Present,Present,Yea,Not Voting,Nay,Nay,Yea,Yea,Nay,Nay,Nay,Nay,Not Voting,Nay,Yea,Nay,Yea,Yea,Yea,Yea,Nay,Yea,Nay,Nay,Yea,Nay,Not Voting,Nay,Nay,Nay,Nay,Nay,Nay,Yea,Yea,Yea,Not Voting,Nay,Yea,Yea,Nay,Present,Yea,Nay,Yea,Yea,Yea,Yea,Present,Yea,Yea,Yea,1956-05-29,0,,Adopted,hr10660
Nay,Not Voting,Nay,Nay,Yea,Nay,Nay,Yea,Nay,Yea,Yea,Nay,Nay,Yea,Nay,Yea,Nay,Yea,Nay,Not Voting,Yea,Yea,Yea,Yea,Nay,Nay,Yea,Not Voting,Not Voting,Yea,Not Voting,Yea,Yea,Yea,Yea,Nay,Nay,Nay,Nay,Present,Nay,Yea,Yea,Nay,,Present,Nay,Not Voting,Present,Nay,Not Voting,Nay,Nay,Yea,Yea,Nay,Nay,Nay,Nay,Not Voting,Nay,Nay,Nay,Yea,Yea,Yea,Yea,Nay,Yea,Nay,Nay,Yea,Nay,Not Voting,Nay,Nay,Nay,Nay,Not Voting,Nay,Yea,Yea,Yea,Not Voting,Nay,Not Voting,Yea,Nay,Present,Yea,Nay,Yea,Yea,Yea,Yea,Present,Yea,Yea,Yea,1956-05-29,0,,Rejected,hr10660
Yea,Not Voting,Yea,Nay,Nay,Yea,Yea,Nay,Yea,Nay,Nay,Yea,Yea,Nay,Yea,Nay,Yea,Nay,Yea,Not Voting,Nay,Nay,Nay,Nay,Yea,Yea,Nay,Not Voting,Not Voting,Nay,Not Voting,Nay,Nay,Nay,Nay,Yea,Yea,Yea,Yea,Present,Yea,Nay,Nay,Yea,,Present,Yea,Not Voting,Present,Yea,Not Voting,Yea,Yea,Yea,Nay,Yea,Yea,Yea,Yea,Not Voting,Yea,Yea,Yea,Nay,Nay,Nay,Nay,Yea,Nay,Yea,Yea,Nay,Yea,Not Voting,Yea,Yea,Yea,Yea,Yea,Yea,Nay,Nay,Nay,Not Voting,Yea,Not Voting,Nay,Yea,Present,Nay,Yea,Nay,Nay,Nay,Nay,Not Voting,Nay,Nay,Nay,1956-05-29,0,,Adopted,hr10660
Yea,Nay,Nay,Yea,Yea,Yea,Yea,Nay,Yea,Yea,Nay,Yea,Yea,Yea,Yea,Nay,Yea,Nay,Nay,Not Voting,Nay,Nay,Nay,Yea,Nay,Nay,Nay,Nay,Yea,Nay,Not Voting,Nay,Nay,Not Voting,Nay,Nay,Nay,Nay,Nay,Present,Nay,Yea,Nay,Nay,,Present,Yea,Not Voting,Present,Nay,Not Voting,Yea,Nay,Yea,Yea,Yea,Nay,Nay,Nay,Not Voting,Yea,Nay,Nay,Nay,Nay,Nay,Nay,Yea,Nay,Nay,Nay,Nay,Nay,Not Voting,Nay,Nay,Nay,Nay,Yea,Yea,Yea,Yea,Yea,Not Voting,Nay,Yea,Yea,Nay,Not Voting,Nay,Nay,Nay,Nay,Nay,Nay,Present,Nay,Nay,Nay,1956-05-29,0,,Rejected,hr10660
Nay,Yea,Nay,Yea,Yea,Nay,Present,Not Voting,Yea,Yea,Yea,Nay,Present,Yea,Present,Yea,Nay,Present,Nay,Not Voting,Yea,Yea,Yea,Yea,Nay,Nay,Yea,Yea,Not Voting,Yea,Not Voting,Yea,Yea,Yea,Yea,Nay,Nay,Nay,Nay,Present,Nay,Yea,Present,Nay,,Present,Nay,Present,Present,Yea,Not Voting,Not Voting,Nay,Nay,Yea,Nay,Nay,Nay,Nay,Not Voting,Not Voting,Yea,Nay,Yea,Yea,Present,Yea,Nay,Yea,Nay,Nay,Yea,Not Voting,Not Voting,Nay,Nay,Nay,Nay,Nay,Present,Yea,Not Voting,Present,Not Voting,Nay,Yea,Present,Nay,Nay,Yea,Nay,Nay,Yea,Yea,Yea,Present,Yea,Yea,Yea,1956-05-29,0,,Adopted,hr10660
Not Voting,Not Voting,Present,Yea,Nay,Present,Yea,Yea,Nay,Present,Present,Present,Present,Present,Present,Present,Yea,Present,Not Voting,Nay,Yea,Yea,Present,Nay,Yea,Present,Yea,Yea,Not Voting,Not Voting,Present,Nay,Nay,Present,Present,Nay,Nay,Nay,Present,Present,Nay,Nay,Present,Nay,,Present,Nay,Yea,Nay,Present,Nay,Nay,Nay,Yea,Yea,Yea,Nay,Nay,Nay,Nay,Present,Nay,Nay,Yea,Yea,Not Voting,Nay,Present,Nay,Present,Present,Yea,Nay,Not Voting,Nay,Not Voting,Yea,Yea,Yea,Present,Nay,Present,Yea,Present,Nay,Present,Not Voting,Yea,Nay,Nay,Nay,Nay,Yea,Yea,Present,Present,Yea,Present,Present,1956-06-18,0,,Rejected,s3982
Yea,Yea,Yea,Yea,Yea,Yea,Yea,Not Voting,Not Voting,Yea,Yea,Present,Not Voting,Yea,Present,Yea,Yea,Yea,Yea,Yea,Yea,Yea,Not Voting,Yea,Yea,Yea,Yea,Yea,Yea,Not Voting,Yea,Yea,Not Voting,Yea,Present,Yea,Not Voting,Yea,Yea,Yea,Yea,Yea,Present,Yea,,Present,Yea,Yea,Yea,Yea,Yea,Yea,Yea,Nay,Yea,Yea,Yea,Yea,Yea,Yea,Yea,Yea,Yea,Yea,Yea,Yea,Yea,Yea,Yea,Yea,Not Voting,Yea,Yea,Not Voting,Yea,Yea,Yea,Yea,Nay,Present,Not Voting,Not Voting,Yea,Yea,Yea,Not Voting,Yea,Yea,Yea,Yea,Yea,Nay,Yea,Yea,Yea,Not Voting,Yea,Yea,Yea,1956-06-19,0,,Passed,s3879
Nay,Nay,Nay,Yea,Nay,Present,Yea,Nay,Not Voting,Present,Not Voting,Yea,Yea,Present,Present,Nay,Not Voting,Nay,Nay,Not Voting,Nay,Nay,Not Voting,Nay,Not Voting,Not Voting,Nay,Not Voting,Nay,Nay,Yea,Nay,Nay,Nay,Nay,Nay,Not Voting,Nay,Not Voting,Nay,Nay,Nay,Nay,Not Voting,,Present,Yea,Yea,Nay,Nay,Not Voting,Yea,Nay,Yea,Yea,Yea,Nay,Nay,Yea,Nay,Yea,Nay,Nay,Yea,Not Voting,Nay,Nay,Present,Nay,Not Voting,Yea,Nay,Nay,Not Voting,Yea,Nay,Yea,Nay,Yea,Yea,Not Voting,Present,Yea,Nay,Nay,Nay,Yea,Nay,Nay,Nay,Nay,Yea,Nay,Nay,Not Voting,Nay,Yea,Nay,Present,1956-06-22,0,,Rejected,hr9852
Yea,Yea,Yea,Yea,Yea,Present,Nay,Yea,Not Voting,Present,Not Voting,Nay,Present,Present,Present,Yea,Not Voting,Yea,Yea,Not Voting,Yea,Not Voting,Not Voting,Present,Not Voting,Not Voting,Yea,Not Voting,Yea,Yea,Nay,Yea,Yea,Yea,Yea,Yea,Present,Yea,Not Voting,Yea,Yea,Not Voting,Yea,Not Voting,,Present,Nay,Nay,Yea,Yea,Not Voting,Not Voting,Yea,Nay,Nay,Nay,Yea,Yea,Nay,Yea,Not Voting,Yea,Yea,Nay,Not Voting,Yea,Yea,Present,Yea,Not Voting,Yea,Yea,Yea,Not Voting,Yea,Yea,Not Voting,Yea,Nay,Nay,Not Voting,Present,Present,Yea,Yea,Not Voting,Nay,Yea,Yea,Yea,Yea,Yea,Yea,Yea,Not Voting,Yea,Nay,Yea,Present,1956-06-22,0,,Agreed To,hr9852
Yea,Yea,Yea,Yea,Yea,Yea,Not Voting,Yea,Yea,Yea,Yea,Yea,Yea,Yea,Not Voting,Yea,Yea,Yea,Yea,Yea,Yea,Yea,Yea,Yea,Yea,Yea,Yea,Yea,Yea,Yea,Yea,Yea,Yea,Yea,Yea,Yea,Yea,Yea,Yea,Yea,Yea,Yea,Yea,Yea,Yea,Yea,Yea,Present,Yea,Yea,Yea,Yea,Yea,Nay,Yea,Yea,Yea,Yea,Yea,Nay,Yea,Yea,Yea,Yea,Yea,Yea,Yea,Yea,Yea,Yea,Yea,Yea,Yea,Not Voting,Yea,Yea,Yea,Yea,Yea,Yea,Yea,Yea,Yea,Yea,Yea,Yea,Yea,Yea,Yea,Yea,Yea,Nay,Yea,Yea,Yea,Not Voting,Yea,Yea,Present,1956-06-22,0,,Adopted,hr10660
Yea,Yea,Nay,Nay,Yea,Yea,Not Voting,Yea,Nay,Yea,Yea,Yea,Yea,Yea,Not Voting,Yea,Yea,Yea,Nay,Nay,Yea,Yea,Nay,Yea,Nay,Yea,Yea,Nay,Nay,Nay,Yea,Nay,Nay,Nay,Yea,Nay,Nay,Nay,Nay,Yea,Nay,Yea,Yea,Nay,Nay,Yea,Nay,Present,Nay,Nay,Nay,Nay,Nay,Yea,Yea,Yea,Nay,Yea,Nay,Yea,Nay,Nay,Nay,Yea,Yea,Nay,Nay,Nay,Yea,Nay,Nay,Yea,Nay,Not Voting,Nay,Nay,Nay,Yea,Yea,Yea,Nay,Nay,Yea,Yea,Nay,Not Voting,Yea,Yea,Nay,Nay,Nay,Yea,Yea,Yea,Nay,Not Voting,Yea,Nay,Present,1956-06-26,0,,Rejected,hr10986
Nay,Nay,Yea,Nay,Nay,Nay,Not Voting,Nay,Yea,Nay,Nay,Nay,Nay,Nay,Not Voting,Nay,Nay,Yea,Yea,Yea,Nay,Nay,Yea,Nay,Yea,Nay,Nay,Yea,Not Voting,Yea,Nay,Yea,Yea,Yea,Nay,Yea,Yea,Yea,Yea,Nay,Yea,Nay,Nay,Yea,Yea,Nay,Yea,Present,Yea,Yea,Yea,Yea,Yea,Yea,Nay,Nay,Yea,Nay,Yea,Nay,Yea,Yea,Yea,Nay,Nay,Yea,Yea,Yea,Nay,Yea,Yea,Nay,Yea,Not Voting,Yea,Yea,Yea,Nay,Nay,Nay,Yea,Yea,Nay,Nay,Yea,Not Voting,Nay,Yea,Yea,Yea,Yea,Yea,Nay,Nay,Yea,Not Voting,Nay,Yea,Present,1956-06-26,0,,Adopted,hr10986
Yea,Yea,Yea,Nay,Yea,Yea,Not Voting,Yea,Yea,Yea,Yea,Yea,Yea,Yea,Not Voting,Yea,Yea,Yea,Yea,Yea,Yea,Yea,Yea,Yea,Yea,Yea,Yea,Yea,Yea,Yea,Yea,Yea,Yea,Yea,Yea,Yea,Yea,Yea,Yea,Yea,Yea,Yea,Yea,Yea,Yea,Not Voting,Yea,Present,Yea,Yea,Yea,Yea,Yea,Yea,Yea,Yea,Yea,Yea,Yea,Yea,Yea,Yea,Yea,Yea,Yea,Not Voting,Yea,Yea,Yea,Yea,Yea,Yea,Yea,Not Voting,Yea,Yea,Yea,Yea,Yea,Yea,Yea,Yea,Yea,Yea,Yea,Yea,Yea,Yea,Yea,Yea,Yea,Nay,Yea,Yea,Yea,Not Voting,Yea,Yea,Present,1956-06-26,0,,Passed,hr10986
Nay,Nay,Nay,Yea,Yea,Nay,Yea,Nay,Yea,Yea,Yea,Nay,Nay,Nay,Present,Yea,Nay,Yea,Yea,Yea,Yea,Yea,Not Voting,Nay,Nay,Nay,Yea,Yea,Nay,Yea,Nay,Yea,Nay,Yea,Yea,Nay,Yea,Yea,Nay,Nay,Yea,Nay,Nay,Nay,Yea,Yea,Nay,Present,Nay,Yea,Not Voting,Yea,Nay,Yea,Nay,Yea,Not Voting,Yea,Nay,Nay,Yea,Yea,Nay,Nay,Nay,Not Voting,Yea,Nay,Nay,Nay,Yea,Yea,Yea,Not Voting,Nay,Yea,Yea,Yea,Nay,Nay,Nay,Yea,Nay,Nay,Yea,Yea,Nay,Nay,Yea,Yea,Nay,Nay,Nay,Nay,Yea,Not Voting,Nay,Yea,Yea,1956-06-26,0,,Rejected,hr11356
Nay,Nay,Yea,Yea,Yea,Nay,Nay,Yea,Yea,Nay,Nay,Nay,Nay,Nay,Present,Yea,Yea,Yea,Present,Yea,Nay,Nay,Not Voting,Nay,Yea,Yea,Nay,Yea,Yea,Yea,Nay,Nay,Yea,Yea,Nay,Yea,Yea,Yea,Yea,Nay,Yea,Yea,Nay,Yea,Yea,Yea,Yea,Not Voting,Yea,Nay,Not Voting,Yea,Yea,Nay,Nay,Yea,Not Voting,Nay,Yea,Yea,Yea,Nay,Yea,Nay,Nay,Nay,Yea,Yea,Nay,Yea,Yea,Nay,Yea,Not Voting,Yea,Yea,Yea,Yea,Nay,Yea,Yea,Yea,Nay,Nay,Yea,Yea,Yea,Nay,Yea,Yea,Yea,Yea,Nay,Nay,Nay,Not Voting,Nay,Yea,Nay,1956-06-28,0,,Adopted,hr11356
Nay,Nay,Yea,Yea,Yea,Nay,Nay,Nay,Yea,Yea,Yea,Nay,Yea,Yea,Present,Nay,Nay,Yea,Present,Nay,Yea,Yea,Not Voting,Nay,Yea,Nay,Yea,Yea,Nay,Yea,Yea,Yea,Nay,Nay,Yea,Nay,Nay,Nay,Nay,Nay,Nay,Nay,Yea,Nay,Nay,Nay,Nay,Not Voting,Nay,Yea,Not Voting,Nay,Yea,Yea,Yea,Nay,Not Voting,Yea,Nay,Yea,Yea,Yea,Nay,Nay,Nay,Yea,Yea,Nay,Yea,Nay,Nay,Yea,Nay,Not Voting,Nay,Nay,Yea,Nay,Yea,Nay,Nay,Nay,Nay,Yea,Nay,Nay,Nay,Yea,Nay,Nay,Yea,Yea,Nay,Nay,Yea,Not Voting,Yea,Yea,Yea,1956-06-28,0,,Rejected,hr11356
Nay,Nay,Nay,Nay,Nay,Nay,Not Voting,Nay,Yea,Yea,Nay,Nay,Nay,Yea,Present,Nay,Nay,Yea,Present,Nay,Nay,Yea,Not Voting,Nay,Nay,Nay,Yea,Yea,Yea,Yea,Nay,Yea,Nay,Nay,Yea,Nay,Nay,Nay,Nay,Nay,Nay,Nay,Yea,Nay,Nay,Nay,Nay,Not Voting,Nay,Yea,Not Voting,Nay,Yea,Yea,Nay,Nay,Not Voting,Yea,Nay,Yea,Yea,Yea,Nay,Nay,Not Voting,Yea,Yea,Nay,Nay,Yea,Nay,Nay,Nay,Not Voting,Nay,Present,Nay,Nay,Nay,Nay,Nay,Yea,Nay,Nay,Nay,Yea,Nay,Nay,Nay,Yea,Nay,Yea,Nay,Nay,Yea,Not Voting,Yea,Nay,Yea,1956-06-28,0,,Rejected,hr11356
Nay,Nay,Nay,Yea,Nay,Nay,Nay,Nay,Yea,Yea,Yea,Yea,Nay,Nay,Present,Nay,Nay,Nay,Not Voting,Yea,Yea,Nay,Not Voting,Nay,Nay,Nay,Nay,Yea,Nay,Yea,Nay,Yea,Nay,Yea,Yea,Nay,Yea,Nay,Nay,Nay,Yea,Nay,Nay,Nay,Yea,Yea,Nay,Present,Nay,Yea,Not Voting,Yea,Yea,Yea,Nay,Nay,Not Voting,Nay,Nay,Nay,Nay,Yea,Nay,Nay,Nay,Yea,Yea,Nay,Yea,Nay,Yea,Nay,Nay,Not Voting,Nay,Yea,Yea,Yea,Nay,Yea,Nay,Yea,Yea,Nay,Yea,Yea,Nay,Nay,Yea,Yea,Nay,Yea,Nay,Nay,Yea,Present,Nay,Yea,Yea,1956-06-28,0,,Rejected,hr11356
Yea,Yea,Nay,Yea,Yea,Yea,Yea,Yea,Nay,Yea,Yea,Yea,Yea,Nay,Present,Not Voting,Yea,Yea,Nay,Nay,Yea,Yea,Not Voting,Yea,Nay,Yea,Yea,Nay,Nay,Nay,Yea,Nay,Nay,Nay,Yea,Nay,Nay,Nay,Nay,Yea,Nay,Nay,Yea,Nay,Nay,Yea,Nay,Not Voting,Nay,Nay,Nay,Nay,Nay,Yea,Yea,Yea,Not Voting,Nay,Nay,Nay,Not Voting,Yea,Nay,Yea,Not Voting,Yea,Nay,Nay,Yea,Nay,Nay,Yea,Nay,Not Voting,Nay,Nay,Nay,Yea,Yea,Yea,Nay,Not Voting,Yea,Yea,Nay,Nay,Yea,Yea,Nay,Nay,Nay,Yea,Yea,Yea,Yea,Not Voting,Yea,Nay,Yea,1956-06-28,0,,Rejected,hr11356
Nay,Nay,Nay,Nay,Yea,Nay,Nay,Nay,Yea,Yea,Yea,Nay,Yea,Nay,Present,Not Voting,Nay,Nay,Yea,Nay,Nay,Yea,Not Voting,Nay,Nay,Nay,Yea,Nay,Yea,Yea,Nay,Yea,Nay,Nay,Yea,Nay,Nay,Nay,Nay,Nay,Nay,Nay,Yea,Nay,Not Voting,Nay,Nay,Not Voting,Nay,Yea,Nay,Nay,Nay,Nay,Nay,Nay,Present,Yea,Nay,Nay,Present,Yea,Nay,Nay,Not Voting,Yea,Yea,Nay,Nay,Nay,Nay,Nay,Nay,Present,Nay,Not Voting,Nay,Nay,Nay,Nay,Nay,Present,Nay,Not Voting,Nay,Nay,Nay,Nay,Nay,Nay,Yea,Nay,Nay,Nay,Yea,Present,Yea,Yea,Yea,1956-06-28,0,,Rejected,hr11356
Nay,Nay,Nay,Nay,Nay,Nay,Nay,Nay,Yea,Yea,Nay,Nay,Nay,Present,Present,Not Voting,Nay,Nay,Yea,Nay,Nay,Nay,Not Voting,Nay,Yea,Nay,Nay,Yea,Yea,Yea,Nay,Yea,Nay,Nay,Nay,Nay,Not Voting,Nay,Nay,Nay,Nay,Nay,Nay,Yea,Not Voting,Nay,Yea,Present,Nay,Yea,Nay,Yea,Nay,Nay,Nay,Nay,Present,Yea,Nay,Yea,Present,Nay,Nay,Nay,Not Voting,Yea,Yea,Nay,Nay,Nay,Nay,Nay,Yea,Not Voting,Nay,Yea,Nay,Nay,Nay,Nay,Nay,Present,Nay,Not Voting,Not Voting,Nay,Nay,Nay,Nay,Yea,Yea,Yea,Nay,Nay,Nay,Present,Yea,Yea,Yea,1956-06-29,0,,Rejected,hr11356
Nay,Nay,Nay,Yea,Yea,Nay,Not Voting,Nay,Yea,Yea,Yea,Nay,Nay,Not Voting,Present,Not Voting,Nay,Yea,Yea,Nay,Yea,Yea,Not Voting,Nay,Nay,Nay,Nay,Yea,Nay,Yea,Nay,Yea,Nay,Nay,Not Voting,Nay,Not Voting,Nay,Nay,Yea,Nay,Nay,Yea,Nay,Not Voting,Nay,Nay,Not Voting,Nay,Yea,Nay,Nay,Nay,Yea,Nay,Nay,Not Voting,Yea,Nay,Nay,Not Voting,Yea,Nay,Nay,Not Voting,Yea,Yea,Nay,Nay,Nay,Not Voting,Yea,Nay,Not Voting,Nay,Nay,Nay,Nay,Nay,Nay,Nay,Not Voting,Nay,Not Voting,Nay,Nay,Nay,Nay,Nay,Nay,Nay,Yea,Nay,Nay,Yea,Not Voting,Yea,Yea,Yea,1956-06-29,0,,Rejected,hr11356
Yea,Yea,Yea,Yea,Nay,Yea,Not Voting,Yea,Nay,Nay,Yea,Yea,Yea,Not Voting,Present,Not Voting,Yea,Nay,Nay,Yea,Yea,Nay,Not Voting,Yea,Yea,Yea,Nay,Nay,Nay,Nay,Yea,Nay,Yea,Yea,Not Voting,Yea,Not Voting,Yea,Yea,Yea,Yea,Yea,Nay,Yea,Not Voting,Yea,Yea,Not Voting,Yea,Nay,Yea,Yea,Nay,Not Voting,Yea,Yea,Not Voting,Nay,Yea,Nay,Not Voting,Nay,Yea,Yea,Not Voting,Nay,Nay,Yea,Yea,Yea,Not Voting,Yea,Yea,Not Voting,Yea,Nay,Yea,Yea,Yea,Yea,Yea,Not Voting,Yea,Not Voting,Yea,Yea,Yea,Yea,Yea,Nay,Yea,Yea,Yea,Yea,Nay,Not Voting,Nay,Nay,Nay,1956-06-29,0,,Passed,hr11356
Yea,Nay,Nay,Nay,Nay,Nay,Nay,Yea,Nay,Nay,Nay,Present,Nay,Yea,Nay,Nay,Yea,Nay,Present,Nay,Nay,Nay,Not Voting,Not Voting,Yea,Nay,Yea,Nay,Nay,Nay,Not Voting,Not Voting,Nay,Nay,Nay,Nay,Nay,Nay,Present,Yea,Nay,Nay,Nay,Nay,Nay,Present,Nay,Yea,Nay,Nay,Nay,Not Voting,Nay,Nay,Yea,Yea,Nay,Yea,Yea,Nay,Not Voting,Nay,Yea,Yea,Yea,Yea,Nay,Nay,Nay,Nay,Nay,Yea,Nay,Nay,Nay,Nay,Nay,Nay,Present,Nay,Nay,Yea,Nay,Nay,Nay,Nay,Nay,Yea,Nay,Nay,Nay,Nay,Yea,Yea,Nay,Nay,Yea,Nay,Present,1956-07-09,0,,Rejected,s3449
Yea,Yea,Nay,Nay,Nay,Nay,Yea,Yea,Nay,Yea,Nay,Present,Nay,Yea,Nay,Nay,Yea,Yea,Present,Nay,Nay,Nay,Not Voting,Not Voting,Yea,Nay,Yea,Nay,Nay,Nay,Not Voting,Not Voting,Nay,Nay,Nay,Yea,Nay,Present,Present,Yea,Nay,Nay,Nay,Yea,Nay,Present,Nay,Yea,Nay,Nay,Nay,Not Voting,Nay,,Yea,Yea,Nay,Nay,Yea,Nay,Not Voting,Nay,Yea,Yea,Yea,Yea,Nay,Nay,Nay,Nay,Yea,Yea,Yea,Nay,Yea,Yea,Nay,Nay,Present,Yea,Yea,Yea,Yea,Nay,Nay,Nay,Yea,Yea,Nay,Nay,Nay,Yea,Yea,Yea,Yea,Yea,Yea,Nay,Present,1956-07-09,0,,Rejected,s3449
Nay,Yea,Yea,Nay,Nay,Present,Nay,Nay,Nay,Nay,Nay,Present,Nay,Present,Nay,Present,Nay,Nay,Present,Nay,Nay,Nay,Not Voting,Present,Yea,Nay,Yea,Yea,Present,Nay,Not Voting,Not Voting,Yea,Present,Nay,Yea,Yea,Nay,Present,Nay,Yea,Nay,Nay,Yea,Nay,Present,Yea,Nay,Nay,Yea,Yea,Not Voting,Nay,,Present,Yea,Nay,Yea,Yea,Yea,Not Voting,Nay,Yea,Yea,Nay,Nay,Nay,Yea,Nay,Nay,Yea,Not Voting,Yea,Present,Yea,Yea,Nay,Nay,Present,Nay,Yea,Not Voting,Nay,Nay,Yea,Nay,Nay,Yea,Yea,Yea,Yea,Yea,Yea,Nay,Nay,Nay,Yea,Nay,Present,1956-07-09,0,,Rejected,s3449
Nay,Yea,Nay,Nay,Yea,Present,Yea,Yea,Yea,Yea,Yea,Present,Yea,Present,Yea,Present,Yea,Yea,Present,Yea,Yea,Yea,Not Voting,Present,Nay,Yea,Nay,Yea,Not Voting,Yea,Not Voting,Not Voting,Yea,Present,Yea,Nay,Yea,Yea,Present,Yea,Yea,Yea,Yea,Nay,Yea,Present,Nay,Yea,Yea,Yea,Nay,Not Voting,Yea,,Present,Yea,Yea,Nay,Nay,Yea,Not Voting,Yea,Nay,Yea,Yea,Yea,Yea,Nay,Yea,Yea,Nay,Not Voting,Nay,Present,Nay,Nay,Yea,Yea,Present,Yea,Nay,Not Voting,Yea,Yea,Yea,Yea,Yea,Nay,Yea,Yea,Yea,Nay,Nay,Nay,Nay,Yea,Nay,Yea,Present,1956-07-09,0,,Passed,s3449
Yea,Yea,Yea,Nay,Yea,Yea,Yea,Yea,Yea,Yea,Yea,Yea,Yea,Yea,Yea,Yea,Yea,Not Voting,Yea,Yea,Yea,Yea,Not Voting,Yea,Yea,Yea,Yea,Not Voting,Yea,Yea,Yea,Nay,Yea,Yea,Yea,Yea,Yea,Yea,Yea,Yea,Yea,Yea,Yea,Yea,Not Voting,Yea,Yea,Yea,Yea,Yea,Yea,Yea,Yea,,Yea,Yea,Yea,Yea,Yea,Yea,Yea,Nay,Yea,Yea,Yea,Yea,Yea,Yea,Yea,Yea,Yea,Not Voting,Yea,Not Voting,Yea,Yea,Yea,Yea,Not Voting,Yea,Yea,Yea,Yea,Not Voting,Yea,Yea,Yea,Yea,Yea,Yea,Yea,Nay,Yea,Yea,Yea,Yea,Yea,Yea,Not Voting,1956-07-11,0,,unknown,
Yea,Yea,Yea,Nay,Yea,Yea,Yea,Yea,Yea,Yea,Yea,Yea,Yea,Yea,Yea,Yea,Yea,Not Voting,Yea,Yea,Not Voting,Yea,Not Voting,Yea,Yea,Yea,Yea,Not Voting,Yea,Yea,Yea,Yea,Yea,Yea,Yea,Yea,Yea,Yea,Yea,Yea,Yea,Yea,Yea,Yea,Yea,Yea,Yea,Yea,Yea,Yea,Yea,Yea,Yea,,Yea,Yea,Yea,Yea,Yea,Yea,Yea,Yea,Yea,Yea,Yea,Yea,Yea,Yea,Yea,Yea,Yea,Not Voting,Yea,Yea,Yea,Present,Yea,Yea,Not Voting,Yea,Yea,Yea,Yea,Yea,Yea,Yea,Yea,Yea,Yea,Yea,Yea,Nay,Yea,Yea,Yea,Yea,Yea,Yea,Present,1956-07-11,0,,unknown,
Nay,Nay,Yea,Nay,Nay,Nay,Nay,Nay,Yea,Nay,Nay,Nay,Nay,Yea,Nay,Present,Nay,Present,Yea,Yea,Nay,Nay,Not Voting,Nay,Yea,Nay,Nay,Not Voting,Yea,Yea,Nay,Yea,Not Voting,Yea,Nay,Yea,Yea,Yea,Yea,Nay,Yea,Yea,Nay,Yea,Yea,Nay,Yea,Nay,Yea,Yea,Yea,Yea,Yea,,Nay,Yea,Yea,Yea,Yea,Yea,Yea,Nay,Yea,Nay,Nay,Nay,Yea,Yea,Nay,Yea,Yea,Nay,Yea,Yea,Yea,Yea,Yea,Nay,Present,Nay,Yea,Yea,Nay,Nay,Yea,Yea,Nay,Nay,Yea,Yea,Yea,Yea,Nay,Nay,Nay,Yea,Nay,Yea,Present,1956-07-12,0,,Passed,s4146
Nay,Nay,Nay,Nay,Nay,Nay,Nay,Nay,Nay,Nay,Not Voting,Nay,Nay,Yea,Nay,Nay,Nay,Present,Not Voting,Nay,Nay,Nay,Not Voting,Nay,Nay,Nay,Nay,Yea,Yea,Yea,Nay,Yea,Nay,Not Voting,Not Voting,Nay,Nay,Yea,Nay,Nay,Yea,Nay,Nay,Nay,Nay,Nay,Nay,Yea,Nay,Yea,Not Voting,Nay,Nay,,Nay,Nay,Nay,Nay,Nay,Yea,Nay,Yea,Nay,Nay,Nay,Yea,Yea,Nay,Not Voting,Nay,Nay,Present,Nay,Nay,Nay,Nay,Nay,Nay,Present,Nay,Yea,Yea,Nay,Nay,Yea,Nay,Nay,Nay,Yea,Not Voting,Nay,Nay,Nay,Nay,Yea,Not Voting,Yea,Yea,Present,1956-07-16,0,,Rejected,
Yea,Yea,Yea,Yea,Yea,Yea,Yea,Yea,Yea,Yea,Not Voting,Yea,Yea,Nay,Yea,Yea,Yea,Present,Not Voting,Yea,Yea,Yea,Not Voting,Yea,Yea,Yea,Yea,Nay,Nay,Nay,Yea,Nay,Yea,Not Voting,Not Voting,Yea,Yea,Yea,Yea,Yea,Nay,Nay,Yea,Yea,Yea,Yea,Yea,Nay,Yea,Nay,Not Voting,Yea,Yea,,Yea,Yea,Yea,Yea,Yea,Nay,Yea,Yea,Yea,Yea,Yea,Nay,Nay,Yea,Not Voting,Yea,Yea,Present,Yea,Yea,Yea,Yea,Yea,Yea,Present,Yea,Nay,Nay,Yea,Yea,Nay,Yea,Yea,Yea,Nay,Not Voting,Yea,Nay,Yea,Yea,Nay,Not Voting,Nay,Nay,Present,1956-07-16,0,,unknown,
Yea,Nay,Yea,Nay,Yea,Yea,Yea,Nay,Yea,Nay,Present,Yea,Yea,Nay,Yea,Nay,Nay,Present,Not Voting,Yea,Yea,Nay,Not Voting,Nay,Yea,Yea,Yea,Yea,Yea,Yea,Nay,Nay,Yea,Not Voting,Not Voting,Yea,Yea,Yea,Yea,Nay,Yea,Yea,Nay,Yea,Yea,Yea,Yea,Nay,Yea,Yea,Not Voting,Yea,Yea,,Nay,Yea,Yea,Yea,Yea,Yea,Yea,Yea,Yea,Nay,Nay,Yea,Yea,Yea,Not Voting,Yea,Yea,Present,Yea,Yea,Yea,Yea,Yea,Yea,Present,Yea,Nay,Yea,Nay,Yea,Yea,Yea,Nay,Yea,Yea,Not Voting,Yea,Yea,Yea,Nay,Yea,Not Voting,Nay,Yea,Present,1956-07-16,0,,Agreed To,hr7225
Nay,Nay,Yea,Yea,Nay,Nay,Present,Nay,Yea,Nay,Nay,Nay,Nay,Nay,Nay,Nay,Nay,Nay,Yea,Yea,Nay,Nay,Not Voting,Nay,Yea,Nay,Nay,Nay,Yea,Yea,Nay,Nay,Yea,Yea,Nay,Yea,Yea,Yea,Yea,Nay,Yea,Nay,Nay,Yea,Yea,Nay,Yea,Nay,Yea,Yea,Yea,Yea,Yea,,Nay,Not Voting,Yea,Yea,Yea,Yea,Yea,Yea,Yea,Nay,Nay,Nay,Yea,Yea,Nay,Yea,Yea,Nay,Yea,Yea,Yea,Yea,Yea,Yea,Not Voting,Yea,Nay,Yea,Nay,Nay,Yea,Nay,Nay,Nay,Yea,Nay,Yea,Present,Nay,Nay,Nay,Yea,Nay,Yea,Yea,1956-07-17,0,,Agreed To,hr7225
Nay,Nay,Yea,Yea,Nay,Nay,Present,Nay,Yea,Nay,Nay,Nay,Nay,Nay,Nay,Nay,Nay,Nay,Yea,Yea,Nay,Nay,Not Voting,Nay,Yea,Nay,Nay,Yea,Yea,Yea,Nay,Yea,Yea,Yea,Nay,Yea,Yea,Yea,Yea,Nay,Yea,Yea,Nay,Yea,Yea,Nay,Yea,Nay,Yea,Yea,Yea,Yea,Yea,,Nay,Not Voting,Yea,Yea,Yea,Yea,Yea,Yea,Yea,Nay,Nay,Nay,Yea,Yea,Nay,Yea,Yea,Nay,Yea,Yea,Yea,Yea,Yea,Nay,Not Voting,Nay,Nay,Yea,Nay,Nay,Yea,Yea,Nay,Nay,Yea,Yea,Yea,Present,Nay,Nay,Nay,Yea,Nay,Yea,Nay,1956-07-17,0,,Agreed To,hr7225
Yea,Yea,Yea,Yea,Yea,Yea,Yea,Nay,Yea,Yea,Yea,Yea,Yea,Nay,Yea,Yea,Yea,Yea,Yea,Yea,Yea,Nay,Not Voting,Yea,Yea,Yea,Yea,Yea,Yea,Yea,Yea,Yea,Yea,Yea,Yea,Yea,Yea,Yea,Yea,Yea,Yea,Yea,Yea,Yea,Yea,Yea,Yea,Yea,Yea,Yea,Yea,Yea,Yea,,Yea,Yea,Yea,Yea,Yea,Yea,Yea,Nay,Yea,Nay,Nay,Yea,Yea,Yea,Not Voting,Yea,Yea,Yea,Yea,Yea,Yea,Yea,Yea,Yea,Not Voting,Yea,Nay,Yea,Yea,Yea,Yea,Yea,Yea,Yea,Yea,Yea,Yea,Yea,Yea,Yea,Yea,Yea,Yea,Yea,Yea,1956-07-17,0,,Agreed To,hr7225
Yea,Nay,Yea,Yea,Yea,Yea,Yea,Nay,Yea,Nay,Nay,Yea,Nay,Nay,Yea,Nay,Yea,Yea,Yea,Yea,Nay,Nay,Not Voting,Nay,Yea,Yea,Nay,Nay,Yea,Nay,Nay,Nay,Present,Yea,Nay,Yea,Yea,Yea,Yea,Nay,Yea,Yea,Nay,Yea,Yea,Yea,Yea,Nay,Yea,Yea,Yea,Yea,Yea,,Nay,Yea,Yea,Yea,Yea,Yea,Yea,Nay,Yea,Nay,Nay,Yea,Nay,Yea,Not Voting,Yea,Yea,Nay,Yea,Yea,Yea,Present,Yea,Yea,Present,Yea,Nay,Nay,Not Voting,Nay,Yea,Yea,Nay,Yea,Yea,Nay,Yea,Nay,Nay,Nay,Nay,Yea,Nay,Yea,Yea,1956-07-17,0,,Agreed To,hr7225
Yea,Yea,Yea,Yea,Yea,Yea,Yea,Yea,Yea,Yea,Yea,Yea,Yea,Yea,Yea,Yea,Yea,Yea,Not Voting,Yea,Yea,Yea,Not Voting,Yea,Yea,Yea,Yea,Yea,Yea,Yea,Yea,Yea,Yea,Yea,Yea,Yea,Yea,Yea,Yea,Yea,Yea,Yea,Yea,Yea,Yea,Yea,Yea,Yea,Yea,Yea,Yea,Yea,Yea,,Yea,Yea,Yea,Yea,Yea,Yea,Yea,Yea,Yea,Yea,Yea,Yea,Yea,Yea,Not Voting,Yea,Yea,Yea,Not Voting,Yea,Yea,Not Voting,Yea,Yea,Not Voting,Yea,Yea,Yea,Yea,Yea,Yea,Yea,Yea,Yea,Yea,Yea,Yea,Yea,Yea,Yea,Yea,Yea,Yea,Yea,Yea,1956-07-17,0,,Passed,hr7225
Nay,Nay,Yea,Nay,Nay,Nay,Nay,Nay,Yea,Nay,Nay,Nay,Nay,Nay,Nay,Nay,Nay,Nay,Yea,Yea,Nay,Nay,Not Voting,Nay,Yea,Nay,Nay,Nay,Yea,Nay,Nay,Nay,Yea,Yea,Nay,Yea,Yea,Yea,Yea,Nay,Yea,Not Voting,Nay,Yea,Yea,Nay,Yea,Nay,Yea,Yea,Yea,Yea,Yea,,Nay,Nay,Yea,Yea,Yea,Nay,Yea,Nay,Yea,Nay,Nay,Nay,Yea,Yea,Nay,Yea,Yea,Nay,Yea,Yea,Yea,Yea,Yea,Nay,Not Voting,Nay,Nay,Nay,Nay,Nay,Yea,Nay,Nay,Nay,Yea,Yea,Yea,Yea,Nay,Nay,Nay,Yea,Nay,Yea,Not Voting,1956-07-19,0,,Rejected,s1333
Yea,Yea,Yea,Yea,Yea,Not Voting,Yea,Yea,Yea,Yea,Yea,Yea,Yea,Yea,Yea,Yea,Yea,Yea,Yea,Yea,Yea,Yea,Not Voting,Yea,Yea,Yea,Yea,Yea,Yea,Yea,Yea,Yea,Not Voting,Yea,Yea,Yea,Yea,Yea,Yea,Yea,Yea,Not Voting,Yea,Yea,Not Voting,Yea,Yea,Yea,Yea,Yea,Yea,Yea,Yea,,Yea,Yea,Yea,Yea,Yea,Yea,Yea,Yea,Yea,Yea,Yea,Not Voting,Yea,Yea,Yea,Yea,Yea,Yea,Not Voting,Yea,Yea,Not Voting,Yea,Yea,Not Voting,Yea,Yea,Yea,Yea,Yea,Yea,Yea,Yea,Yea,Yea,Yea,Yea,Yea,Yea,Yea,Yea,Yea,Yea,Yea,Yea,1956-07-19,0,,unknown,
Yea,Yea,Yea,Nay,Nay,Yea,Present,Yea,Yea,Nay,Nay,Yea,Nay,Nay,Yea,Yea,Yea,Present,Yea,Yea,Yea,Nay,Not Voting,Nay,Yea,Yea,Nay,Nay,Yea,Present,Yea,Nay,Yea,Yea,Nay,Yea,Not Voting,Yea,Yea,Yea,Yea,Yea,Nay,Yea,Yea,Yea,Yea,Nay,Yea,Nay,Not Voting,Yea,Yea,,Yea,Yea,Yea,Nay,Yea,Yea,Not Voting,Nay,Yea,Yea,Yea,Nay,Nay,Yea,Yea,Yea,Yea,Nay,Yea,Yea,Yea,Yea,Yea,Yea,Present,Yea,Yea,Present,Yea,Nay,Yea,Yea,Yea,Yea,Yea,Yea,Yea,Nay,Yea,Yea,Not Voting,Yea,Yea,Nay,Nay,1956-07-20,0,,unknown,
Nay,Nay,Yea,Yea,Yea,Nay,Nay,Nay,Yea,Yea,Nay,Nay,Nay,Yea,Nay,Nay,Nay,Yea,Yea,Yea,Nay,Yea,Not Voting,Nay,Nay,Nay,Yea,Yea,Yea,Yea,Nay,Yea,Nay,Nay,Yea,Yea,Not Voting,Nay,Nay,Nay,Yea,Nay,Yea,Nay,Yea,Nay,Yea,Yea,Nay,Yea,Not Voting,Nay,Yea,,Nay,Nay,Yea,Yea,Nay,Yea,Yea,Yea,Yea,Nay,Nay,Yea,Yea,Nay,Not Voting,Yea,Nay,Nay,Not Voting,Not Voting,Nay,Yea,Nay,Nay,Present,Nay,Yea,Yea,Nay,Nay,Yea,Yea,Nay,Nay,Nay,Yea,Yea,Yea,Nay,Nay,Not Voting,Nay,Yea,Yea,Yea,1956-07-20,0,,Rejected,hr12130
Nay,Nay,Yea,Nay,Yea,Nay,Nay,Nay,Yea,Present,Nay,Nay,Nay,Yea,Yea,Nay,Nay,Yea,Yea,Yea,Nay,Yea,Not Voting,Nay,Nay,Nay,Yea,Yea,Yea,Not Voting,Nay,Yea,Nay,Nay,Not Voting,Yea,Not Voting,Nay,Nay,Nay,Yea,Nay,Yea,Nay,Present,Nay,Yea,Yea,Nay,Yea,Not Voting,Nay,Not Voting,,Nay,Nay,Nay,Yea,Nay,Yea,Yea,Yea,Not Voting,Nay,Nay,Not Voting,Yea,Nay,Nay,Not Voting,Nay,Yea,Not Voting,Not Voting,Nay,Yea,Nay,Nay,Not Voting,Nay,Yea,Yea,Nay,Yea,Yea,Yea,Nay,Nay,Yea,Yea,Yea,Nay,Nay,Nay,Not Voting,Nay,Yea,Yea,Yea,1956-07-20,0,,Rejected,hr12130
Nay,Nay,Yea,Yea,Yea,Nay,Nay,Nay,Yea,Yea,Nay,Nay,Nay,Yea,Yea,Nay,Nay,Yea,Yea,Yea,Nay,Yea,Not Voting,Nay,Nay,Nay,Yea,Yea,Yea,Yea,Nay,Yea,Present,Nay,Yea,Yea,Present,Nay,Nay,Nay,Yea,Nay,Yea,Nay,Nay,Nay,Yea,Yea,Nay,Yea,Not Voting,Nay,Yea,,Nay,Nay,Nay,Yea,Nay,Yea,Yea,Yea,Not Voting,Nay,Nay,Yea,Yea,Nay,Nay,Yea,Nay,Yea,Not Voting,Not Voting,Nay,Yea,Nay,Nay,Present,Nay,Yea,Yea,Nay,Yea,Not Voting,Yea,Nay,Nay,Yea,Yea,Yea,Nay,Nay,Nay,Not Voting,Nay,Yea,Yea,Yea,1956-07-20,0,,Rejected,hr12130
Yea,Yea,Nay,Yea,Nay,Yea,Yea,Yea,Nay,Nay,Yea,Yea,Yea,Nay,Yea,Yea,Yea,Nay,Nay,Nay,Yea,Nay,Not Voting,Yea,Yea,Yea,Nay,Nay,Nay,Nay,Yea,Nay,Yea,Yea,Nay,Nay,Not Voting,Yea,Yea,Yea,Nay,Yea,Nay,Yea,Yea,Yea,Nay,Nay,Yea,Nay,Not Voting,Yea,Nay,,Yea,Yea,Yea,Nay,Yea,Nay,Nay,Nay,Nay,Yea,Yea,Nay,Nay,Yea,Yea,Nay,Yea,Yea,Not Voting,Not Voting,Yea,Nay,Yea,Yea,Present,Yea,Nay,Nay,Yea,Yea,Yea,Nay,Yea,Yea,Yea,Nay,Nay,Yea,Yea,Yea,Not Voting,Yea,Nay,Nay,Nay,1956-07-20,0,,Agreed To,hr12130
Nay,Nay,Yea,Yea,Yea,Nay,Nay,Nay,Yea,Present,Nay,Nay,Nay,Yea,Yea,Nay,Nay,Yea,Yea,Yea,Nay,Yea,Not Voting,Nay,Nay,Nay,Yea,Yea,Yea,Yea,Nay,Yea,Yea,Nay,Present,Nay,Nay,Nay,Nay,Nay,Nay,Nay,Yea,Nay,Nay,Nay,Nay,Yea,Nay,Yea,Nay,Nay,Yea,,Nay,Nay,Nay,Yea,Nay,Yea,Yea,Yea,Yea,Nay,Nay,Yea,Yea,Nay,Nay,Yea,Nay,Yea,Nay,Nay,Nay,Yea,Nay,Nay,Present,Nay,Yea,Yea,Nay,Nay,Nay,Not Voting,Nay,Nay,Nay,Yea,Yea,Yea,Nay,Nay,Not Voting,Nay,Yea,Yea,Yea,1956-07-24,0,,unknown,hr12130
Yea,Yea,Nay,Yea,Nay,Yea,Yea,Yea,Nay,Nay,Yea,Yea,Yea,Nay,Nay,Yea,Yea,Nay,Nay,Yea,Yea,Nay,Not Voting,Yea,Yea,Yea,Nay,Nay,Nay,Nay,Yea,Nay,Yea,Yea,Nay,Yea,Yea,Yea,Yea,Yea,Nay,Yea,Nay,Yea,Not Voting,Yea,Yea,Nay,Yea,Nay,Yea,Yea,Nay,,Yea,Yea,Yea,Nay,Yea,Nay,Nay,Nay,Yea,Yea,Yea,Yea,Nay,Yea,Yea,Nay,Yea,Yea,Yea,Not Voting,Yea,Nay,Yea,Yea,Present,Yea,Nay,Nay,Yea,Yea,Yea,Not Voting,Yea,Yea,Yea,Nay,Yea,Yea,Yea,Yea,Not Voting,Yea,Nay,Nay,Nay,1956-07-24,0,,Agreed To,hr12130
Nay,Yea,Yea,Nay,Yea,Nay,Nay,Yea,Yea,Yea,Yea,Nay,Yea,Yea,Yea,Yea,Nay,Yea,Yea,Yea,Yea,Yea,Not Voting,Nay,Yea,Nay,Yea,Yea,Yea,Yea,Nay,Yea,Nay,Nay,Yea,Nay,Nay,Nay,Yea,Yea,Yea,Nay,Yea,Nay,Nay,Nay,Nay,Yea,Yea,Yea,Nay,Nay,Yea,,Yea,Yea,Yea,Yea,Yea,Yea,Yea,Yea,Nay,Yea,Yea,Yea,Yea,Nay,Yea,Nay,Yea,Yea,Nay,Nay,Nay,Yea,Yea,Nay,Present,Yea,Yea,Yea,Nay,Yea,Yea,Present,Nay,Yea,Nay,Nay,Yea,Nay,Nay,Nay,Not Voting,Yea,Yea,Yea,Yea,1956-07-24,0,,Rejected,hr12130
Nay,Nay,Yea,Yea,Yea,Nay,Nay,Nay,Yea,Yea,Yea,Nay,Yea,Yea,Yea,Nay,Nay,Yea,Yea,Yea,Yea,Yea,Not Voting,Nay,Yea,Nay,Yea,Yea,Nay,Yea,Nay,Yea,Nay,Nay,Yea,Nay,Nay,Nay,Nay,Nay,Yea,Nay,Yea,Nay,Nay,Nay,Nay,Yea,Yea,Yea,Nay,Nay,Yea,,Yea,Yea,Yea,Yea,Nay,Yea,Yea,Yea,Nay,Yea,Nay,Yea,Yea,Nay,Yea,Yea,Nay,Yea,Nay,Nay,Nay,Yea,Yea,Nay,Present,Yea,Yea,Yea,Nay,Yea,Nay,Not Voting,Nay,Yea,Nay,Nay,Yea,Nay,Nay,Nay,Not Voting,Yea,Yea,Yea,Yea,1956-07-24,0,,Agreed To,hr12130
Yea,Yea,Yea,Nay,Nay,Yea,Yea,Yea,Nay,Nay,Yea,Yea,Yea,Nay,Nay,Yea,Yea,Nay,Present,Yea,Yea,Nay,Not Voting,Yea,Yea,Yea,Nay,Nay,Nay,Nay,Yea,Nay,Yea,Yea,Nay,Yea,Yea,Yea,Yea,Yea,Yea,Yea,Nay,Yea,Yea,Yea,Yea,Nay,Yea,Nay,Yea,Yea,Nay,,Yea,Yea,Yea,Nay,Yea,Nay,Yea,Nay,Yea,Yea,Yea,Nay,Nay,Yea,Yea,Yea,Not Voting,Yea,Yea,Yea,Yea,Nay,Yea,Yea,Present,Yea,Nay,Nay,Yea,Nay,Yea,Not Voting,Yea,Yea,Yea,Nay,Yea,Yea,Yea,Yea,Not Voting,Yea,Nay,Nay,Nay,1956-07-24,0,,Passed,hr12130
Yea,Yea,Yea,Yea,Yea,Yea,Yea,Yea,Yea,Yea,Yea,Yea,Yea,Not Voting,Yea,Yea,Yea,Yea,Yea,Yea,Yea,Yea,Not Voting,Yea,Yea,Yea,Yea,Yea,Not Voting,Yea,Not Voting,Yea,Yea,Yea,Not Voting,Yea,Yea,Yea,Not Voting,Yea,Yea,Yea,Yea,Yea,Yea,Yea,Yea,Yea,Yea,Yea,Yea,Not Voting,Yea,,Yea,Yea,Yea,Yea,Yea,Yea,Yea,Yea,Yea,Yea,Yea,Yea,Yea,Yea,Yea,Yea,Yea,Yea,Yea,Yea,Yea,Yea,Yea,Yea,Not Voting,Yea,Yea,Yea,Yea,Yea,Yea,Not Voting,Yea,Yea,Yea,Yea,Yea,Nay,Yea,Yea,Not Voting,Yea,Yea,Yea,Yea,1956-07-23,0,,Adopted,hconres265
Nay,Nay,Nay,Nay,Nay,Nay,Yea,Present,Nay,Nay,Nay,Nay,Present,Nay,Nay,Nay,Nay,Nay,Present,Nay,Nay,Nay,Not Voting,Present,Yea,Nay,Nay,Nay,Nay,Nay,Nay,Nay,Nay,Nay,Nay,Nay,Nay,Nay,Yea,Nay,Nay,Nay,Nay,Nay,Nay,Yea,Nay,Present,Nay,Nay,Present,Nay,Nay,,Nay,Present,Not Voting,Yea,Yea,Nay,Nay,Nay,Nay,Nay,Nay,Nay,Nay,Present,Nay,Nay,Not Voting,Nay,Nay,Nay,Nay,Nay,Nay,Nay,Present,Nay,Nay,Nay,Nay,Nay,Nay,Not Voting,Nay,Nay,Nay,Nay,Nay,Yea,Nay,Nay,Not Voting,Nay,Nay,Nay,Nay,1956-07-24,0,,Rejected,
Nay,Nay,Not Voting,Nay,Nay,Nay,Nay,Nay,Yea,Nay,Nay,Nay,Nay,Nay,Nay,Nay,Nay,Nay,Present,Nay,Nay,Nay,Not Voting,Nay,Yea,Yea,Nay,Nay,Nay,Yea,Nay,Nay,Nay,Present,Nay,Yea,Yea,Yea,Nay,Nay,Yea,Nay,Nay,Yea,Yea,Nay,Yea,Nay,Yea,Yea,Present,Yea,Yea,,Nay,Nay,Yea,Nay,Yea,Yea,Yea,Nay,Yea,Nay,Nay,Nay,Nay,Yea,Nay,Yea,Nay,Nay,Yea,Nay,Yea,Yea,Yea,Yea,Present,Yea,Nay,Nay,Nay,Present,Nay,Yea,Nay,Nay,Yea,Nay,Yea,Yea,Nay,Nay,Not Voting,Nay,Nay,Yea,Nay,1956-07-25,0,,Rejected,hr12350
Yea,Yea,Nay,Yea,Yea,Yea,Yea,Yea,Nay,Yea,Yea,Yea,Yea,Present,Yea,Yea,Yea,Yea,Present,Nay,Yea,Yea,Not Voting,Yea,Nay,Yea,Yea,Nay,Nay,Nay,Yea,Nay,Nay,Present,Yea,Nay,Nay,Nay,Nay,Yea,Nay,Nay,Yea,Nay,Nay,Yea,Nay,Yea,Nay,Nay,Not Voting,Nay,Nay,,Yea,Yea,Nay,Nay,Nay,Nay,Nay,Yea,Nay,Yea,Yea,Yea,Nay,Nay,Present,Nay,Nay,Yea,Not Voting,Nay,Nay,Nay,Nay,Yea,Present,Yea,Present,Nay,Yea,Yea,Nay,Nay,Yea,Yea,Nay,Nay,Nay,Nay,Yea,Yea,Not Voting,Yea,Yea,Nay,Yea,1956-07-25,0,,Rejected,s2663
Yea,Nay,Yea,Yea,Nay,Yea,Yea,Nay,Yea,Nay,Nay,Nay,Nay,Nay,Present,Yea,Yea,Nay,Yea,Yea,Nay,Nay,Not Voting,Yea,Yea,Yea,Nay,Yea,Yea,Yea,Yea,Yea,Yea,Yea,Nay,Yea,Yea,Yea,Yea,Nay,Yea,Yea,Nay,Yea,Yea,Yea,Yea,Nay,Yea,Yea,Yea,Yea,Yea,,Nay,Yea,Not Voting,Present,Yea,Yea,Yea,Yea,Yea,Nay,Nay,Nay,Yea,Yea,Nay,Yea,Yea,Nay,Yea,Yea,Yea,Yea,Yea,Yea,Present,Nay,Nay,Nay,Nay,Nay,Yea,Yea,Nay,Yea,Yea,Yea,Yea,Yea,Yea,Nay,Not Voting,Yea,Nay,Yea,Yea,1956-07-26,0,,Passed,s2663
Nay,Present,Nay,Yea,Nay,Nay,Nay,Nay,Yea,Nay,Yea,Present,Present,Present,Yea,Nay,Nay,Yea,Yea,Yea,Nay,Nay,Present,Yea,Yea,Nay,Nay,Yea,Yea,Yea,Not Voting,Yea,Not Voting,Yea,Present,Yea,Yea,Yea,Yea,Present,Yea,Yea,Yea,Yea,Yea,Nay,Yea,Present,Yea,Yea,Yea,Not Voting,Yea,,Nay,Nay,Yea,Nay,Nay,Present,Yea,Nay,Yea,Nay,Nay,Nay,Yea,Nay,Present,Yea,Yea,Yea,Not Voting,Not Voting,Yea,Yea,Yea,Nay,Present,Nay,Present,Present,Not Voting,Nay,Yea,Yea,Nay,Nay,Yea,Yea,Yea,Yea,Nay,Nay,Not Voting,Nay,Nay,Yea,Nay,1956-07-27,0,,Passed,hr3210
Yea,Yea,Yea,Yea,Yea,Yea,Yea,Yea,Yea,Yea,Yea,Yea,Yea,Yea,Yea,Yea,Yea,Not Voting,Not Voting,Yea,Yea,Yea,Yea,Yea,Yea,Yea,Yea,Yea,Yea,Not Voting,Yea,Yea,Yea,Yea,Yea,Yea,Not Voting,Yea,Yea,Yea,Yea,Yea,Yea,Yea,,Yea,Yea,Yea,Yea,Yea,Yea,Not Voting,Not Voting,,Yea,Yea,,Yea,Present,Yea,Yea,Yea,Yea,Yea,Yea,Yea,Yea,Yea,Yea,Not Voting,Yea,Yea,Yea,Yea,Yea,Not Voting,Not Voting,Yea,Yea,Yea,Yea,Not Voting,Yea,Yea,Yea,Not Voting,Yea,Yea,Yea,Yea,Yea,Nay,Yea,Yea,Yea,Yea,Yea,,Yea,1955-01-14,0,,Adopted,sres18
Nay,Nay,Nay,Nay,Nay,Nay,Nay,Nay,Nay,Not Voting,Nay,Nay,Nay,Nay,Nay,Nay,Nay,Nay,Not Voting,Nay,Nay,Nay,Nay,Nay,Nay,Nay,Nay,Nay,Nay,Nay,Not Voting,Not Voting,Nay,Nay,Nay,Nay,Not Voting,Nay,Nay,Nay,Nay,Nay,Nay,Nay,,Nay,Nay,Nay,Not Voting,Nay,Nay,Present,Nay,,Nay,Nay,,Yea,Yea,Nay,Nay,Nay,Nay,Nay,Nay,Not Voting,Nay,Nay,Nay,Nay,Yea,Nay,Nay,Not Voting,Nay,Nay,Nay,Nay,Not Voting,Nay,Nay,Nay,Nay,Nay,Nay,Nay,Nay,Nay,Nay,Nay,Nay,Nay,Nay,Nay,Nay,Nay,Nay,,Nay,1955-01-28,0,,Rejected,hjres159
Nay,Nay,Nay,Yea,Nay,Nay,Nay,Nay,Nay,Not Voting,Nay,Nay,Nay,Nay,Nay,Nay,Nay,Nay,Not Voting,Nay,Nay,Nay,Nay,Nay,Nay,Nay,Nay,Nay,Nay,Nay,Not Voting,Not Voting,Not Voting,Nay,Nay,Yea,Nay,Nay,Nay,Nay,Nay,Nay,Nay,Yea,,Nay,Yea,Nay,Not Voting,Nay,Yea,Present,Nay,,Nay,Nay,,Nay,Yea,Yea,Yea,Nay,Nay,Nay,Nay,Not Voting,Nay,Yea,Nay,Nay,Yea,Nay,Nay,Not Voting,Yea,Nay,Nay,Nay,Not Voting,Nay,Nay,Nay,Nay,Nay,Nay,Nay,Nay,Nay,Nay,Nay,Nay,Nay,Nay,Nay,Nay,Nay,Nay,,Nay,1955-01-28,0,,Rejected,hjres159
Nay,Nay,Nay,Yea,Nay,Nay,Nay,Nay,Nay,Not Voting,Nay,Nay,Nay,Yea,Nay,Nay,Nay,Nay,Not Voting,Nay,Nay,Nay,Nay,Nay,Nay,Nay,Nay,Nay,Nay,Nay,Not Voting,Not Voting,Yea,Nay,Nay,Nay,Nay,Nay,Nay,Nay,Nay,Nay,Nay,Yea,,Nay,Nay,Nay,Not Voting,Nay,Yea,Not Voting,Nay,,Nay,Nay,,Yea,Yea,Yea,Nay,Nay,Yea,Nay,Nay,Not Voting,Nay,Yea,Nay,Nay,Yea,Nay,Yea,Not Voting,Yea,Nay,Nay,Nay,Not Voting,Nay,Nay,Nay,Nay,Nay,Nay,Nay,Nay,Nay,Nay,Nay,Nay,Yea,Nay,Nay,Nay,Nay,Nay,,Nay,1955-01-28,0,,Rejected,hjres159
Yea,Yea,Yea,Yea,Yea,Yea,Yea,Yea,Yea,Not Voting,Yea,Yea,Yea,Yea,Yea,Yea,Yea,Yea,Not Voting,Yea,Yea,Yea,Yea,Yea,Yea,Yea,Yea,Yea,Yea,Yea,Not Voting,Not Voting,Yea,Yea,Yea,Yea,Yea,Yea,Yea,Yea,Yea,Yea,Yea,Yea,,Yea,Yea,Yea,Not Voting,Yea,Yea,Not Voting,Yea,,Yea,Yea,,Nay,Nay,Yea,Yea,Yea,Yea,Yea,Yea,Yea,Yea,Yea,Yea,Yea,Nay,Yea,Yea,Not Voting,Yea,Yea,Yea,Yea,Not Voting,Yea,Yea,Yea,Yea,Yea,Yea,Yea,Yea,Yea,Yea,Yea,Yea,,Yea,Yea,Yea,Yea,Yea,,Yea,1955-01-28,0,,Passed,hjres159
Yea,Yea,Yea,Yea,Yea,Yea,Yea,Not Voting,Yea,Yea,Yea,Yea,Yea,Yea,Yea,Yea,Yea,Yea,Not Voting,Yea,Yea,Yea,Not Voting,Not Voting,Yea,Yea,Yea,Yea,Yea,Yea,Yea,Yea,Yea,Yea,Yea,Yea,Yea,Yea,Not Voting,Yea,Yea,Yea,Not Voting,Yea,,Yea,Yea,Yea,Not Voting,Yea,Yea,Not Voting,Yea,,Yea,Yea,,Nay,Yea,Yea,Yea,Yea,Yea,Yea,Yea,Not Voting,Yea,Yea,Yea,Not Voting,Yea,Yea,Yea,Yea,Yea,Yea,Yea,Yea,Not Voting,Yea,Yea,Yea,Yea,Yea,Yea,Yea,Yea,Yea,Yea,Yea,Yea,,Yea,Yea,Yea,Yea,Yea,,Not Voting,1955-02-01,0,,Ratified,
Nay,Nay,Nay,Nay,Nay,Nay,Nay,Nay,Nay,Nay,Not Voting,Not Voting,Nay,Nay,Not Voting,Nay,Nay,Present,Yea,Nay,Not Voting,Nay,Nay,Not Voting,Nay,Nay,Nay,Not Voting,Nay,Nay,Nay,Not Voting,Present,Nay,Not Voting,Yea,Nay,Nay,Nay,Nay,Yea,Nay,Not Voting,Nay,,Nay,Nay,Present,Not Voting,Yea,Yea,Present,Nay,,Nay,Not Voting,,Yea,Yea,Nay,Yea,Present,Nay,Not Voting,Nay,Not Voting,Nay,Nay,Nay,Nay,Yea,Nay,Yea,Nay,Not Voting,Present,Nay,Nay,Nay,Not Voting,Nay,Nay,Not Voting,Not Voting,Nay,Nay,Nay,Nay,Nay,Yea,Present,,Nay,Not Voting,Not Voting,Nay,Nay,,Present,1955-02-09,0,,Rejected,
Nay,Nay,Nay,Nay,Nay,Nay,Nay,Nay,Nay,Nay,Not Voting,Not Voting,Nay,Yea,Not Voting,Nay,Nay,Present,Yea,Nay,Not Voting,Nay,Nay,Not Voting,Nay,Nay,Nay,Not Voting,Nay,Nay,Nay,Nay,Present,Nay,Not Voting,Nay,Nay,Nay,Yea,Nay,Nay,Nay,Not Voting,Nay,,Nay,Nay,Present,Not Voting,Nay,Yea,Present,Nay,,Nay,Not Voting,,Yea,Yea,Yea,Nay,Present,Nay,Not Voting,Nay,Not Voting,Nay,Nay,Nay,Nay,Yea,Nay,Yea,Nay,Not Voting,Present,Nay,Nay,Nay,Not Voting,Nay,Nay,Not Voting,Not Voting,Nay,Nay,Nay,Nay,Nay,Yea,Nay,,Nay,Not Voting,Not Voting,Nay,Nay,,Present,1955-02-09,0,,Rejected,
Yea,Yea,Yea,Yea,Yea,Yea,Yea,Yea,Yea,Yea,Not Voting,Not Voting,Yea,Yea,Not Voting,Yea,Yea,Present,Nay,Yea,Not Voting,Yea,Yea,Not Voting,Yea,Yea,Yea,Not Voting,Yea,Yea,Yea,Yea,Not Voting,Yea,Not Voting,Nay,Yea,Yea,Yea,Yea,Yea,Yea,Not Voting,Yea,,Yea,Yea,Present,Not Voting,Yea,Nay,Present,Yea,,Yea,Not Voting,,Nay,Nay,Yea,Yea,Present,Yea,Not Voting,Yea,Not Voting,Yea,Yea,Yea,Yea,Nay,Yea,Yea,Yea,Not Voting,Yea,Yea,Yea,Yea,Not Voting,Yea,Yea,Not Voting,Not Voting,Yea,Yea,Yea,Yea,Yea,Yea,Yea,,Yea,Not Voting,Not Voting,Yea,Yea,,Present,1955-02-09,0,,Ratified,
Nay,Nay,Present,Nay,Nay,Nay,Nay,Nay,Nay,Nay,Nay,Yea,Nay,Nay,Present,Nay,Nay,Nay,Nay,Nay,Nay,Nay,Nay,Nay,Present,Nay,Nay,Nay,Nay,Nay,Nay,Nay,Nay,Nay,Nay,Nay,Not Voting,Nay,Not Voting,Present,Nay,Nay,Nay,Present,,Nay,Nay,Nay,Present,Yea,Nay,Present,Nay,,Nay,Nay,,Nay,Nay,Nay,Nay,Nay,Nay,Nay,Nay,Nay,Nay,Nay,Nay,Nay,Yea,Nay,Nay,Nay,Nay,Nay,Nay,Nay,Nay,Nay,Nay,Nay,Nay,Nay,Nay,Present,Nay,Not Voting,Nay,Nay,Nay,,Nay,Nay,Nay,Present,Nay,,Nay,1955-02-23,0,,Rejected,s462
Nay,Nay,Present,Nay,Nay,Nay,Nay,Nay,Nay,Nay,Nay,Yea,Nay,Yea,Present,Nay,Nay,Yea,Nay,Nay,Nay,Yea,Yea,Nay,Yea,Nay,Yea,Nay,Yea,Nay,Nay,Yea,Nay,Nay,Nay,Nay,Not Voting,Nay,Nay,Present,Nay,Nay,Yea,Present,,Nay,Nay,Nay,Present,Nay,Nay,Present,Nay,,Nay,Nay,,Yea,Nay,Nay,Nay,Nay,Nay,Nay,Nay,Nay,Nay,Nay,Nay,Nay,Yea,Yea,Nay,Nay,Nay,Nay,Nay,Nay,Nay,Nay,Nay,Nay,Nay,Nay,Nay,Present,Nay,Not Voting,Nay,Nay,Nay,,Nay,Nay,Yea,Present,Yea,,Nay,1955-02-23,0,,Rejected,s462
Yea,Yea,Not Voting,,Yea,Yea,Yea,Yea,Yea,Yea,Yea,Nay,Yea,Nay,Present,Nay,Yea,Nay,Yea,Yea,Yea,Nay,Nay,Yea,Nay,Yea,Nay,Yea,Nay,Yea,Yea,Nay,Yea,Yea,Yea,Nay,Not Voting,Yea,Yea,Present,Yea,Yea,Nay,Not Voting,,Yea,Yea,Yea,Not Voting,Nay,Yea,Present,Nay,,Yea,Yea,,Nay,Yea,Yea,Yea,Yea,Yea,Yea,Yea,Yea,Yea,Yea,Yea,Yea,Nay,Nay,Yea,Nay,Nay,Yea,Yea,Yea,Yea,Yea,Nay,Yea,Yea,Yea,Yea,Not Voting,Yea,Not Voting,Yea,Yea,Yea,,Yea,Yea,Nay,Present,Nay,,Nay,1955-02-23,0,,unknown,hr3828
Yea,Not Voting,Not Voting,,Yea,Yea,Not Voting,Yea,Not Voting,Not Voting,Not Voting,Yea,Yea,Yea,Present,Yea,Yea,Yea,Yea,Yea,Yea,Yea,Yea,Yea,Yea,Yea,Yea,Yea,Yea,Yea,Yea,Yea,Yea,Yea,Yea,Yea,Not Voting,Yea,Yea,Present,Yea,Yea,Not Voting,Not Voting,,Yea,Yea,Yea,Not Voting,Yea,Not Voting,Not Voting,Yea,,Yea,Yea,,Present,Yea,Yea,Not Voting,Present,Yea,Yea,Not Voting,Present,Yea,Not Voting,Yea,Yea,Yea,Yea,Yea,Yea,Yea,Not Voting,Yea,Yea,Yea,Yea,Not Voting,Yea,Yea,Yea,Yea,Yea,Yea,Not Voting,Yea,Yea,Yea,,Yea,Yea,Yea,Present,Yea,,Yea,1955-02-25,0,,Ratified,
Yea,Not Voting,Not Voting,,Yea,Yea,Not Voting,Yea,Not Voting,Not Voting,Not Voting,Yea,Yea,Yea,Present,Yea,Yea,Yea,Not Voting,Yea,Yea,Yea,Yea,Yea,Yea,Yea,Yea,Yea,Yea,Yea,Not Voting,Yea,Yea,Yea,Yea,Yea,Not Voting,Yea,Yea,Present,Yea,Yea,Yea,Not Voting,,Yea,Yea,Yea,Not Voting,Yea,Yea,Not Voting,Yea,,Yea,Yea,,Present,Yea,Yea,Not Voting,Present,Yea,Yea,Not Voting,Present,Yea,Not Voting,Yea,Yea,Yea,Yea,Yea,Yea,Yea,Not Voting,Yea,Yea,Yea,Yea,Not Voting,Not Voting,Yea,Yea,Yea,Yea,Yea,Not Voting,Yea,Yea,Yea,,Yea,Yea,Yea,Present,Yea,,Yea,1955-02-25,0,,Ratified,
Yea,Not Voting,Not Voting,,Yea,Yea,Not Voting,Yea,Not Voting,Not Voting,Yea,Yea,Yea,Yea,Present,Yea,Yea,Yea,Yea,Yea,Yea,Yea,Yea,Yea,Yea,Yea,Yea,Yea,Yea,Yea,Yea,Yea,Yea,Yea,Yea,Yea,Not Voting,Yea,Yea,Present,Yea,Yea,Yea,Not Voting,,Yea,Yea,Yea,Not Voting,Yea,Yea,Not Voting,Yea,,Yea,Yea,,Present,Yea,Yea,Not Voting,Present,Yea,Yea,Not Voting,Present,Yea,Not Voting,Yea,Yea,Yea,Yea,Yea,Yea,Yea,Not Voting,Yea,Yea,Yea,Yea,Not Voting,Not Voting,Yea,Yea,Yea,Yea,Yea,Not Voting,Yea,Yea,Yea,,Yea,Yea,Yea,Present,Yea,,Yea,1955-02-25,0,,Ratified,
Yea,Present,Yea,,Yea,Yea,Present,Yea,Yea,Present,Nay,Yea,Yea,Yea,Present,Yea,Yea,Yea,Yea,Yea,Yea,Yea,Yea,Nay,Yea,Present,Yea,Nay,Yea,Yea,Yea,Yea,Yea,Yea,Yea,Not Voting,Not Voting,Yea,Yea,Present,Yea,Yea,Not Voting,Not Voting,,Nay,Yea,Yea,Not Voting,Not Voting,Nay,Not Voting,Not Voting,,Yea,Yea,,Present,Nay,Yea,Not Voting,Present,Yea,Yea,Present,Yea,Yea,Not Voting,Yea,Yea,Not Voting,Yea,Yea,Not Voting,Yea,Not Voting,Yea,Yea,Yea,Yea,Not Voting,Yea,Yea,Not Voting,Yea,Yea,Yea,Not Voting,Yea,Yea,Yea,,Present,Yea,Yea,Present,Yea,,Yea,1955-02-25,0,,Adopted,hr3828
Nay,Nay,Yea,,Nay,Nay,Nay,Nay,Yea,Nay,Nay,Nay,Nay,Nay,Nay,Nay,Nay,Nay,Yea,Yea,Nay,Nay,Yea,Nay,Yea,Nay,Nay,Yea,Nay,Yea,Nay,Yea,Yea,Nay,Nay,Yea,Yea,Yea,Yea,Nay,Yea,Nay,Nay,Yea,,Nay,Yea,Nay,Yea,Yea,Yea,Present,Yea,,Nay,Nay,,Yea,Yea,Yea,Yea,Nay,Yea,Nay,Nay,Nay,Yea,Yea,Nay,Yea,Yea,Nay,Yea,Yea,Yea,Yea,Yea,Nay,Nay,Nay,Nay,Yea,Nay,Nay,Yea,Yea,Nay,Not Voting,Yea,Yea,Yea,,Nay,Nay,Nay,Nay,Nay,,Nay,1955-03-15,0,,Rejected,hr4259
Yea,Yea,Yea,,Yea,Yea,Yea,Yea,Yea,Yea,Yea,Yea,Yea,Yea,Yea,Yea,Yea,Yea,Nay,Nay,Yea,Yea,Yea,Yea,Nay,Yea,Yea,Yea,Yea,Yea,Yea,Yea,Nay,Yea,Yea,Yea,Nay,Nay,Nay,Yea,Nay,Yea,Yea,Nay,,Yea,Nay,Yea,Nay,Nay,Nay,Present,Nay,,Yea,Yea,,Nay,Nay,Nay,Nay,Yea,Nay,Yea,Yea,Yea,Yea,Nay,Yea,Nay,Nay,Yea,Nay,Nay,Nay,Nay,Nay,Yea,Yea,Yea,Yea,Yea,Yea,Yea,Nay,Nay,Yea,Not Voting,Nay,Yea,Nay,,Yea,Yea,Yea,Yea,Yea,,Yea,1955-03-15,0,,Adopted,hr4259
Yea,Yea,Yea,,Yea,Yea,Yea,Yea,Yea,Yea,Present,Yea,Yea,Yea,Yea,Not Voting,Yea,Yea,Yea,Yea,Yea,Yea,Yea,Yea,Yea,Yea,Yea,Nay,Yea,Nay,Yea,Yea,Yea,Present,Yea,Yea,Yea,Yea,Yea,Yea,Nay,Yea,Yea,Yea,,Yea,Yea,Yea,Yea,Nay,Yea,Not Voting,Yea,,Yea,Yea,,Nay,Yea,Yea,Yea,Yea,Yea,Yea,Yea,Yea,Nay,Not Voting,Yea,Yea,Not Voting,Yea,Not Voting,Yea,Yea,Yea,Yea,Yea,Yea,Yea,Yea,Nay,Not Voting,Present,Not Voting,Nay,Not Voting,Yea,Present,Nay,Not Voting,,Yea,Yea,Nay,Yea,Yea,,Not Voting,1955-03-16,0,,Confirmed,
Nay,Nay,Yea,,Nay,Nay,Nay,Nay,Yea,Nay,Present,Nay,Nay,Nay,Present,Nay,Nay,Nay,Present,Yea,Nay,Nay,Yea,Nay,Yea,Present,Nay,Nay,Nay,Yea,Nay,Nay,Yea,Yea,Nay,Not Voting,Yea,Yea,Yea,Nay,Yea,Nay,Nay,Yea,,Nay,Yea,Nay,Yea,Yea,Yea,Not Voting,Nay,,Nay,Nay,,Yea,Yea,Yea,Yea,Nay,Yea,Nay,Nay,Nay,Yea,Yea,Nay,Yea,Yea,Nay,Not Voting,Yea,Yea,Yea,Yea,Nay,Nay,Nay,Nay,Present,Not Voting,Nay,Yea,Yea,Nay,Nay,Yea,Nay,Yea,,Yea,Nay,Nay,Nay,Nay,,Yea,1955-03-23,0,,unknown,hres78
Nay,Nay,Yea,,Nay,Nay,Nay,Nay,Nay,Nay,Nay,Nay,Not Voting,Nay,Nay,Nay,Nay,Nay,Present,Yea,Nay,Nay,Nay,Nay,Yea,Present,Nay,Nay,Nay,Yea,Nay,Nay,Yea,Yea,Nay,Not Voting,Yea,Not Voting,Yea,Nay,Yea,Nay,Nay,Yea,,Nay,Yea,Nay,Yea,Yea,Yea,Not Voting,Nay,,Nay,Nay,,Yea,Yea,Nay,Yea,Nay,Yea,Nay,Nay,Nay,Yea,Yea,Nay,Nay,Yea,Nay,Not Voting,Yea,Yea,Yea,Yea,Nay,Nay,Nay,Nay,Present,Nay,Nay,Yea,Yea,Nay,Nay,Yea,Nay,Yea,,Nay,Nay,Nay,Nay,Not Voting,,Nay,1955-03-23,0,,Rejected,sres76
Nay,Nay,Yea,,Yea,Yea,Yea,Nay,Yea,Yea,Yea,Nay,Yea,Nay,Yea,Nay,Yea,Yea,Not Voting,Nay,Yea,Yea,Yea,Yea,Nay,Yea,Nay,Nay,Nay,Nay,Not Voting,Yea,Yea,Nay,Yea,Nay,Nay,Yea,Yea,Yea,Nay,Nay,Yea,Nay,,Nay,Yea,Yea,Yea,Nay,Nay,Not Voting,Yea,,Yea,Yea,,Nay,Yea,Nay,Yea,Yea,Nay,Yea,Yea,Yea,Yea,Nay,Yea,Yea,Yea,Nay,Present,Yea,Nay,Nay,Nay,Yea,Nay,Yea,Nay,Present,Yea,Nay,Nay,Nay,Yea,Yea,Nay,Yea,Yea,,Yea,Yea,Yea,Yea,Nay,,Nay,1955-03-24,0,,Adopted,hr3952
Nay,Yea,Yea,,Yea,Nay,Yea,Nay,Yea,Yea,Nay,Nay,Nay,Nay,Yea,Yea,Nay,Yea,Not Voting,Nay,Nay,Yea,Yea,Nay,Yea,Nay,Yea,Yea,Nay,Nay,Nay,Nay,Nay,Yea,Nay,Nay,Nay,Yea,Yea,Nay,Nay,Nay,Yea,Yea,,Nay,Yea,Yea,Yea,Nay,Nay,Not Voting,Yea,,Nay,Nay,,Yea,Yea,Nay,Yea,Nay,Yea,Yea,Nay,Yea,Yea,Yea,Yea,Yea,Yea,Yea,Present,Yea,Not Voting,Yea,Nay,Nay,Nay,Nay,Nay,Present,Yea,Nay,Yea,Nay,Nay,Nay,Yea,Yea,Yea,,Yea,Nay,Yea,Yea,Nay,,Yea,1955-03-24,0,,Adopted,hr3952
Nay,Nay,Yea,,Nay,Nay,Nay,Nay,Yea,Nay,Nay,Nay,Nay,Nay,Nay,Yea,Nay,Yea,Not Voting,Yea,Nay,Nay,Yea,Nay,Yea,Nay,Nay,Yea,Nay,Nay,Nay,Nay,Yea,Yea,Yea,Nay,Nay,Yea,Yea,Nay,Yea,Nay,Nay,Yea,,Nay,Yea,Nay,Yea,Yea,Nay,Not Voting,Yea,,Nay,Nay,,Yea,Yea,Yea,Yea,Yea,Yea,Nay,Nay,Yea,Yea,Nay,Nay,Yea,Yea,Yea,Present,Yea,Not Voting,Yea,Nay,Nay,Nay,Nay,Nay,Present,Nay,Nay,Nay,Nay,Nay,Nay,Yea,Yea,Yea,,Yea,Nay,Nay,Nay,Nay,,Yea,1955-03-24,0,,Rejected,hr3952
Nay,Nay,Yea,,Nay,Yea,Nay,Nay,Yea,Nay,Nay,Nay,Yea,Nay,Nay,Nay,Nay,Nay,Yea,Yea,Nay,Nay,Yea,Nay,Yea,Yea,Nay,Nay,Yea,Yea,Nay,Yea,Yea,Yea,Nay,Yea,Yea,Yea,Yea,Nay,Yea,Yea,Nay,Yea,,Yea,Yea,Nay,Yea,Yea,Yea,Not Voting,Yea,,Nay,Yea,,Yea,Yea,Yea,Yea,Yea,Yea,Nay,Nay,Yea,Yea,Yea,Nay,Yea,Yea,Nay,Yea,Yea,Yea,Yea,Yea,Nay,Nay,Nay,Nay,Present,Nay,Nay,Yea,Yea,Nay,Nay,Yea,Yea,Yea,,Nay,Nay,Nay,Nay,Nay,,Yea,1955-03-25,0,,Adopted,s1
Yea,Yea,Yea,,Yea,Yea,Yea,Yea,Yea,Nay,Nay,Yea,Yea,Nay,Yea,Nay,Yea,Yea,Yea,Yea,Yea,Nay,Yea,Nay,Yea,Yea,Nay,Yea,Yea,Yea,Nay,Yea,Yea,Yea,Yea,Yea,Yea,Yea,Yea,Nay,Yea,Yea,Nay,Yea,,Yea,Yea,Nay,Yea,Yea,Yea,Not Voting,Yea,,Nay,Yea,,Yea,Yea,Yea,Yea,Yea,Yea,Nay,Nay,Yea,Yea,Yea,Nay,Yea,Yea,Yea,Yea,Yea,Yea,Yea,Yea,Yea,Yea,Yea,Nay,Present,Nay,Nay,Yea,Yea,Nay,Yea,Yea,Yea,Yea,,Yea,Nay,Yea,Yea,Nay,,Yea,1955-03-25,0,,unknown,s1
Not Voting,Yea,Yea,,Yea,Yea,Yea,Not Voting,Yea,Yea,Not Voting,Not Voting,Not Voting,Not Voting,Not Voting,Yea,Yea,Not Voting,Not Voting,Yea,Yea,Yea,Yea,Yea,Yea,Yea,Yea,Yea,Yea,Not Voting,Yea,Yea,Yea,Yea,Yea,Yea,Yea,Yea,Not Voting,Yea,Yea,Yea,Yea,Yea,,Yea,Yea,Present,Yea,Yea,Yea,Not Voting,Not Voting,,Yea,Yea,,Nay,Yea,Yea,Yea,Nay,Yea,Yea,Yea,Yea,Yea,Yea,Yea,Yea,Yea,Not Voting,Yea,Yea,Yea,Yea,Yea,Yea,Yea,Yea,Yea,Yea,Yea,Not Voting,Yea,Yea,Yea,Yea,Yea,Yea,Yea,,Yea,Not Voting,Not Voting,Yea,Yea,,Yea,1955-04-01,0,,unknown,
Not Voting,Yea,Yea,,Yea,Yea,Not Voting,Not Voting,Yea,Yea,Not Voting,Not Voting,Not Voting,Not Voting,Not Voting,Not Voting,Yea,Not Voting,Not Voting,Yea,Yea,Yea,Yea,Yea,Yea,Yea,Yea,Not Voting,Yea,Not Voting,Yea,Yea,Yea,Yea,Yea,Yea,Yea,Not Voting,Not Voting,Yea,Yea,Yea,Yea,Yea,,Yea,Yea,Present,Yea,Yea,Yea,Not Voting,Not Voting,,Yea,Yea,,Yea,Yea,Yea,Yea,Nay,Yea,Yea,Yea,Yea,Yea,Yea,Yea,Yea,Yea,Not Voting,Yea,Yea,Yea,Yea,Yea,Yea,Yea,Yea,Yea,Yea,Yea,Yea,Yea,Yea,Yea,Yea,Yea,Yea,Yea,,Yea,Not Voting,Not Voting,Yea,Yea,,Yea,1955-04-01,0,,Ratified,
Nay,Nay,Nay,,Nay,Nay,Nay,Nay,Nay,Nay,Present,Not Voting,Nay,Yea,Nay,Nay,Yea,Nay,Nay,Yea,Yea,Nay,Nay,Not Voting,Yea,Yea,Nay,Nay,Nay,Yea,Nay,Yea,Yea,Nay,Nay,Yea,Yea,Nay,Yea,Nay,Present,Nay,Nay,Yea,,Yea,Nay,Nay,Nay,Yea,Yea,Not Voting,Nay,,Yea,Yea,,Nay,Yea,Nay,Nay,Nay,Nay,Nay,Not Voting,Nay,Nay,Yea,Nay,Nay,Nay,Present,Present,Yea,Yea,Nay,Yea,Nay,Yea,Present,Yea,Yea,Not Voting,Nay,Nay,Yea,Nay,Nay,Nay,Nay,Nay,,Present,Nay,Present,Not Voting,Yea,,Nay,1955-04-20,0,,Rejected,s500
Yea,Yea,Yea,,Yea,Yea,Yea,Yea,Yea,Yea,Present,Not Voting,Yea,Nay,Yea,Yea,Nay,Yea,Yea,Yea,Nay,Yea,Yea,Not Voting,Nay,Nay,Yea,Yea,Yea,Nay,Present,Nay,Nay,Yea,Yea,Nay,Nay,Yea,Yea,Yea,Not Voting,Yea,Yea,Yea,,Nay,Yea,Yea,Yea,Yea,Yea,Not Voting,Yea,,Nay,Nay,,Yea,Yea,Yea,Yea,Yea,Yea,Yea,Not Voting,Not Voting,Yea,Nay,Yea,Yea,Yea,Not Voting,Not Voting,Nay,Yea,Yea,Nay,Yea,Nay,Present,Nay,Nay,Not Voting,Yea,Yea,Nay,Yea,Yea,Yea,Nay,Yea,,Not Voting,Yea,Present,Not Voting,Nay,,Yea,1955-04-20,0,,Passed,s500
Nay,Not Voting,Nay,,Not Voting,Nay,Nay,Not Voting,Nay,Nay,Present,Yea,Nay,Not Voting,Nay,Not Voting,Nay,Nay,Nay,Nay,Nay,Yea,Nay,Nay,Nay,Nay,Nay,Nay,Nay,Nay,Not Voting,Yea,Nay,Nay,Nay,Nay,Nay,Nay,Nay,Nay,Nay,Nay,Nay,Nay,,Nay,Nay,Nay,Nay,Nay,Not Voting,Not Voting,Nay,,Nay,Nay,,Nay,Nay,Nay,Nay,Present,Nay,Not Voting,Nay,Present,Nay,Nay,Not Voting,Nay,Nay,Nay,Not Voting,Nay,Nay,Nay,Nay,Yea,Nay,Nay,Nay,Nay,Nay,Nay,Nay,Nay,Nay,Nay,Nay,Nay,Nay,,Nay,Nay,Not Voting,Nay,Yea,,Nay,1955-04-26,0,,Rejected,hr5239
Nay,Nay,Nay,,Nay,Nay,Nay,Nay,Nay,Nay,Nay,Nay,Nay,Nay,Nay,Nay,Nay,Nay,Present,Nay,Nay,Nay,Nay,Nay,Yea,Nay,Nay,Yea,Nay,Nay,Nay,Nay,Yea,Nay,Nay,Yea,Nay,Nay,Present,Nay,Yea,Nay,Nay,Yea,,Nay,Nay,Nay,Nay,Nay,Yea,Not Voting,Nay,,Nay,Nay,,Nay,Nay,Nay,Nay,Nay,Not Voting,Nay,Nay,Nay,Nay,Yea,Nay,Nay,Nay,Nay,Present,Nay,Nay,Nay,Nay,Nay,Nay,Nay,Nay,Nay,Nay,Nay,Nay,Nay,Nay,Nay,Yea,Nay,Nay,,Nay,Nay,Nay,Nay,Nay,,Nay,1955-05-04,0,,Rejected,hr1
Nay,Nay,Nay,,Nay,Nay,Nay,Nay,Nay,Nay,Nay,Nay,Nay,Nay,Nay,Nay,Nay,Nay,Present,Nay,Nay,Nay,Nay,Nay,Nay,Nay,Yea,Nay,Nay,Nay,Nay,Nay,Nay,Not Voting,Nay,Not Voting,Nay,Nay,Not Voting,Nay,Nay,Nay,Nay,Nay,,Nay,Nay,Yea,Nay,Yea,Nay,Not Voting,Yea,,Nay,Not Voting,,Yea,Nay,Nay,Yea,Nay,Not Voting,Nay,Nay,Nay,Nay,Nay,Nay,Nay,Yea,Nay,Not Voting,Yea,Nay,Yea,Nay,Nay,Nay,Nay,Nay,Yea,Nay,Present,Yea,Nay,Nay,Nay,Nay,Nay,Nay,,Nay,Nay,Nay,Nay,Not Voting,,Yea,1955-05-04,0,,Rejected,hr1
Nay,Nay,Yea,,Nay,Nay,Nay,Nay,Nay,Nay,Nay,Nay,Nay,Nay,Nay,Nay,Nay,Nay,Present,Yea,Nay,Nay,Nay,Nay,Yea,Nay,Nay,Yea,Nay,Nay,Nay,Nay,Yea,Not Voting,Nay,Not Voting,Nay,Yea,Present,Nay,Yea,Nay,Nay,Yea,,Nay,Yea,Nay,Yea,Yea,Yea,Not Voting,Nay,,Nay,Nay,,Nay,Yea,Yea,Nay,Nay,Present,Nay,Nay,Nay,Nay,Yea,Nay,Yea,Nay,Nay,Present,Nay,Nay,Yea,Nay,Nay,Nay,Nay,Nay,Nay,Nay,Nay,Nay,Yea,Nay,Nay,Yea,Nay,Nay,,Nay,Nay,Nay,Nay,Present,,Nay,1955-05-04,0,,Rejected,hr1
Yea,Yea,Yea,,Nay,Yea,Yea,Yea,Nay,Yea,Yea,Yea,Yea,Yea,Yea,Yea,Yea,Yea,Present,Yea,Yea,Yea,Yea,Yea,Yea,Yea,Nay,Yea,Yea,Yea,Yea,Yea,Yea,Not Voting,Yea,Yea,Yea,Yea,Not Voting,Yea,Yea,Yea,Yea,Yea,,Yea,Yea,Nay,Yea,Nay,Yea,Not Voting,Nay,,Yea,Yea,,Nay,Yea,Yea,Yea,Nay,Not Voting,Yea,Yea,Not Voting,Yea,Yea,Yea,Yea,Yea,Yea,Not Voting,Nay,Yea,Nay,Yea,Yea,Yea,Yea,Yea,Yea,Yea,Yea,Yea,Yea,Yea,Yea,Yea,Yea,Yea,,Yea,Yea,Nay,Yea,Not Voting,,Nay,1955-05-04,0,,Passed,hr1
Yea,Yea,Yea,,Yea,Yea,Yea,Yea,Not Voting,Nay,Nay,Yea,Yea,Not Voting,Yea,Nay,Yea,Yea,Not Voting,Not Voting,Yea,Nay,Yea,Yea,Yea,Yea,Present,Not Voting,Yea,Yea,Yea,Yea,Yea,Yea,Yea,Yea,Yea,Yea,Yea,Present,Yea,Yea,Nay,Yea,,Yea,Yea,Present,Yea,Not Voting,Yea,Not Voting,Yea,,Nay,Yea,,Yea,Yea,Yea,Not Voting,Not Voting,Yea,Nay,Not Voting,Yea,Yea,Yea,Present,Yea,Yea,Yea,Not Voting,Yea,Yea,Yea,Yea,Yea,Nay,Yea,Not Voting,Yea,Nay,Nay,Not Voting,Yea,Not Voting,Yea,Not Voting,Yea,Yea,,Yea,Yea,Yea,Yea,Nay,,Yea,1955-05-11,0,,Adopted,s1
Yea,Yea,Yea,,Yea,Not Voting,Nay,Yea,Nay,Nay,Yea,Yea,Nay,Yea,Yea,Nay,Yea,Nay,Yea,Nay,Yea,Nay,Nay,Nay,Nay,Present,Nay,Nay,Nay,Nay,Not Voting,Yea,Nay,Nay,Yea,Yea,Nay,Nay,Nay,Yea,Nay,Yea,Nay,Nay,,Yea,Yea,Present,Nay,Nay,Present,Not Voting,Nay,,Yea,Yea,,Nay,Nay,Nay,Nay,Nay,Nay,Present,Yea,Nay,Nay,Nay,Yea,Nay,Nay,Nay,Not Voting,Nay,Nay,Not Voting,Yea,Yea,Yea,Yea,Yea,Nay,Yea,Yea,Nay,Not Voting,Yea,Yea,Nay,Yea,Nay,,Nay,Yea,Present,Present,Yea,,Nay,1955-05-17,0,,Rejected,hr1573
Yea,Yea,Yea,,Yea,Yea,Yea,Yea,Not Voting,Yea,Yea,Yea,Yea,Nay,Yea,Yea,Yea,Yea,Yea,Yea,Yea,Yea,Yea,Yea,Yea,Not Voting,Yea,Yea,Yea,Yea,Not Voting,Yea,Not Voting,Nay,Not Voting,Not Voting,Yea,Yea,Yea,Yea,Yea,Yea,Yea,Yea,,Yea,Yea,Not Voting,Yea,Yea,Yea,Not Voting,Yea,,Yea,Yea,,Yea,Yea,Yea,Yea,Yea,Yea,Yea,Yea,Not Voting,Yea,Yea,Yea,Yea,Not Voting,Yea,Yea,Not Voting,Yea,Present,Yea,Yea,Yea,Yea,Yea,Yea,Yea,Yea,Not Voting,Not Voting,Yea,Yea,Yea,Nay,Not Voting,,Yea,Yea,Present,Present,Yea,,Yea,1955-05-19,0,,Passed,sjres8
Nay,Nay,Yea,,Nay,Nay,Nay,Nay,Yea,Nay,Nay,Nay,Nay,Nay,Yea,Nay,Nay,Nay,Yea,Yea,Nay,Nay,Yea,Nay,Yea,Yea,Nay,Yea,Yea,Yea,Nay,Yea,Yea,Yea,Nay,Yea,Yea,Yea,Yea,Nay,Yea,Yea,Nay,Yea,,Nay,Yea,Nay,Yea,Yea,Yea,Yea,Yea,,Nay,Yea,,Yea,Yea,Yea,Yea,Yea,Yea,Nay,Nay,Not Voting,Yea,Yea,Nay,Yea,Yea,Nay,Not Voting,Yea,Yea,Yea,Yea,Nay,Nay,Nay,Nay,Yea,Nay,Nay,Yea,Yea,Nay,Yea,Yea,Yea,Yea,,Nay,Nay,Yea,Not Voting,Nay,,Yea,1955-05-24,0,,unknown,s1
Yea,Yea,Nay,,Yea,Yea,Yea,Yea,Nay,Yea,Yea,Yea,Nay,Nay,Yea,Not Voting,Yea,Nay,Nay,Nay,Yea,Nay,Nay,Yea,Nay,Yea,Nay,Nay,Nay,Nay,Yea,Nay,Nay,Nay,Yea,Nay,Nay,Nay,Nay,Yea,Nay,Nay,Nay,Nay,,Not Voting,Nay,Nay,Nay,Nay,Nay,Yea,Nay,,Yea,Yea,,Nay,Nay,Nay,Nay,Yea,Nay,Yea,Yea,Not Voting,Nay,Nay,Yea,Nay,Nay,Nay,Not Voting,Nay,Nay,Nay,Nay,Nay,Yea,Yea,Nay,Nay,Yea,Nay,Nay,Nay,Yea,Yea,Nay,Nay,Nay,,Yea,Yea,Nay,Present,Nay,,Nay,1955-05-25,0,,Rejected,s1048
Nay,Yea,Nay,,Yea,Yea,Yea,Yea,Nay,Yea,Yea,Yea,Yea,Nay,Yea,Not Voting,Yea,Nay,Nay,Nay,Yea,Yea,Nay,Yea,Nay,Yea,Yea,Nay,Nay,Nay,Yea,Nay,Nay,Nay,Yea,Nay,Nay,Nay,Nay,Yea,Not Voting,Nay,Yea,Nay,,Not Voting,Nay,Yea,Nay,Nay,Not Voting,Nay,Nay,,Yea,Yea,,Nay,Nay,Nay,Nay,Yea,Nay,Yea,Yea,Not Voting,Nay,Nay,Yea,Nay,Nay,Yea,Not Voting,Nay,Nay,Nay,Nay,Yea,Yea,Yea,Nay,Nay,Yea,Yea,Nay,Nay,Yea,Yea,Nay,Nay,Nay,,Yea,Yea,Yea,Present,Yea,,Nay,1955-05-25,0,,Rejected,s1048
Yea,Not Voting,Not Voting,,Yea,Yea,Yea,Yea,Yea,Yea,Yea,Not Voting,Yea,Yea,Yea,Yea,Yea,Not Voting,Yea,Yea,Yea,Yea,Yea,Yea,Yea,Not Voting,Yea,Yea,Yea,Yea,Yea,Not Voting,Yea,Yea,Yea,Yea,Yea,Yea,Not Voting,Yea,Yea,Yea,Not Voting,Yea,,Not Voting,Yea,Yea,Yea,Yea,Yea,Not Voting,Yea,,Yea,Not Voting,,Not Voting,Yea,Yea,Yea,Yea,Yea,Yea,Yea,Yea,Yea,Yea,Yea,Yea,Yea,Yea,Not Voting,Yea,Yea,Not Voting,Yea,Yea,Yea,Yea,Yea,Yea,Yea,Not Voting,Yea,Yea,Not Voting,Not Voting,Yea,Yea,Yea,,Not Voting,Yea,Yea,Yea,Yea,,Yea,1955-06-01,0,,Passed,s2061
Yea,Not Voting,Not Voting,,Yea,Yea,Yea,Yea,Yea,Yea,Yea,Not Voting,Yea,Yea,Yea,Yea,Yea,Not Voting,Present,Yea,Yea,Yea,Yea,Yea,Yea,Not Voting,Yea,Yea,Yea,Yea,Yea,Not Voting,Yea,Yea,Yea,Yea,Yea,Yea,Not Voting,Yea,Yea,Yea,Not Voting,Yea,,Not Voting,Yea,Yea,Yea,Yea,Yea,Not Voting,Yea,,Yea,Yea,,Present,Yea,Yea,Yea,Yea,Yea,Yea,Yea,Yea,Yea,Yea,Yea,Yea,Yea,Yea,Not Voting,Yea,Yea,Yea,Yea,Yea,Yea,Yea,Yea,Yea,Yea,Not Voting,Yea,Yea,Not Voting,Not Voting,Yea,Yea,Yea,,Not Voting,Yea,Yea,Yea,Yea,,Yea,1955-06-01,0,,Ratified,
Nay,Not Voting,Not Voting,,Yea,Nay,Nay,Nay,Yea,Yea,Yea,Nay,Yea,Yea,Nay,Nay,Nay,Not Voting,Yea,Not Voting,Yea,Yea,Nay,Yea,Nay,Nay,Yea,Yea,Yea,Nay,Nay,Yea,Not Voting,Nay,Yea,Present,Nay,Nay,Not Voting,Yea,Nay,Nay,Yea,Nay,,Nay,Nay,Yea,Nay,Nay,Nay,Not Voting,Yea,,Yea,Yea,,Yea,Nay,Nay,Nay,Nay,Nay,Yea,Yea,Nay,Not Voting,Nay,Yea,Nay,Yea,Nay,Not Voting,Nay,Nay,Not Voting,Nay,Nay,Yea,Nay,Yea,Yea,Nay,Not Voting,Nay,Nay,Nay,Nay,Nay,Nay,Nay,,Yea,Present,Nay,Nay,Yea,,Yea,1955-06-02,0,,Rejected,s2090
Nay,Not Voting,Not Voting,,Yea,Nay,Nay,Nay,Yea,Yea,Present,Nay,Yea,Yea,Present,Nay,Nay,Present,Yea,Not Voting,Yea,Yea,Nay,Nay,Nay,Nay,Yea,Yea,Yea,Nay,Nay,Nay,Not Voting,Nay,Yea,Present,Nay,Nay,Not Voting,Nay,Nay,Nay,Yea,Nay,,Nay,Nay,Yea,Nay,Nay,Nay,Not Voting,Nay,,Yea,Nay,,Yea,Nay,Yea,Nay,Yea,Nay,Yea,Nay,Yea,Not Voting,Nay,Yea,Nay,Nay,Yea,Not Voting,Nay,Nay,Not Voting,Nay,Nay,Yea,Nay,Yea,Yea,Nay,Not Voting,Nay,Nay,Nay,Nay,Nay,Nay,Nay,,Nay,Present,Yea,Nay,Yea,,Yea,1955-06-02,0,,Rejected,s2090
Nay,Not Voting,Nay,,Yea,Nay,Nay,Nay,Nay,Yea,Present,Nay,Yea,Yea,Nay,Nay,Nay,Not Voting,Yea,Not Voting,Nay,Yea,Yea,Nay,Nay,Nay,Yea,Yea,Yea,Yea,Nay,Yea,Not Voting,Nay,Yea,Present,Nay,Nay,Nay,Nay,Nay,Nay,Yea,Nay,,Nay,Nay,Yea,Nay,Yea,Nay,Present,Nay,,Nay,Nay,,Yea,Nay,Yea,Nay,Yea,Nay,Nay,Nay,Yea,Not Voting,Nay,Nay,Nay,Nay,Yea,Not Voting,Nay,Nay,Not Voting,Nay,Nay,Nay,Nay,Yea,Yea,Nay,Not Voting,Not Voting,Nay,Nay,Nay,Nay,Nay,Nay,,Nay,Present,Yea,Nay,Yea,,Yea,1955-06-02,0,,unknown,s2090
Nay,Not Voting,Nay,,Yea,Nay,Not Voting,Nay,Nay,Nay,Present,Nay,Nay,Nay,Present,Nay,Nay,Present,Present,Not Voting,Nay,Yea,Nay,Nay,Nay,Nay,Yea,Yea,Yea,Nay,Not Voting,Nay,Not Voting,Nay,Yea,Present,Nay,Present,Nay,Nay,Nay,Nay,Yea,Nay,,Nay,Nay,Yea,Nay,Yea,Nay,Not Voting,Nay,,Nay,Nay,,Yea,Nay,Yea,Nay,Not Voting,Nay,Nay,Nay,Yea,Present,Nay,Nay,Nay,Nay,Yea,Not Voting,Nay,Nay,Not Voting,Nay,Nay,Nay,Nay,Nay,Nay,Nay,Not Voting,Nay,Nay,Nay,Nay,Nay,Nay,Nay,,Nay,Present,Yea,Nay,Yea,,Yea,1955-06-02,0,,Rejected,s2090
Nay,Not Voting,Nay,,Yea,Nay,Not Voting,Nay,Yea,Yea,Present,Nay,Yea,Yea,Nay,Nay,Nay,Not Voting,Present,Not Voting,Nay,Yea,Yea,Nay,Nay,Nay,Yea,Yea,Yea,Nay,Nay,Yea,Not Voting,Nay,Yea,Present,Nay,Nay,Nay,Nay,Nay,Nay,Yea,Nay,,Nay,Nay,Present,Nay,Yea,Nay,Not Voting,Yea,,Nay,Nay,,Yea,Nay,Yea,Yea,Not Voting,Nay,Yea,Nay,Nay,Not Voting,Nay,Nay,Nay,Nay,Yea,Not Voting,Nay,Nay,Not Voting,Nay,Nay,Nay,Nay,Yea,Yea,Nay,Not Voting,Nay,Nay,Nay,Nay,Nay,Yea,Nay,,Nay,Present,Yea,Nay,Yea,,Yea,1955-06-02,0,,Rejected,s2090
Nay,Not Voting,Nay,,Yea,Nay,Not Voting,Nay,Nay,Present,Present,Nay,Nay,Nay,Nay,Nay,Nay,Present,Present,Not Voting,Nay,Yea,Yea,Nay,Nay,Nay,Yea,Nay,Nay,Nay,Nay,Yea,Not Voting,Nay,Yea,Present,Not Voting,Nay,Nay,Nay,Nay,Nay,Yea,Nay,,Nay,Nay,Yea,Nay,Yea,Nay,Not Voting,Yea,,Yea,Nay,,Yea,Nay,Nay,Nay,Not Voting,Nay,Nay,Nay,Yea,Present,Nay,Nay,Nay,Nay,Nay,Not Voting,Nay,Nay,Not Voting,Nay,Nay,Yea,Nay,Nay,Present,Nay,Present,Nay,Nay,Nay,Nay,Nay,Nay,Nay,,Nay,Present,Yea,Nay,Yea,,Yea,1955-06-02,0,,Rejected,s2090
Nay,Not Voting,Nay,,Nay,Nay,Not Voting,Nay,Nay,Nay,Present,Nay,Nay,Yea,Nay,Nay,Nay,Present,Present,Not Voting,Nay,Yea,Nay,Nay,Nay,Nay,Yea,Yea,Yea,Nay,Nay,Nay,Not Voting,Nay,Yea,Present,Not Voting,Nay,Nay,Nay,Nay,Nay,Yea,Nay,,Nay,Nay,Yea,Nay,Yea,Nay,Not Voting,Nay,,Nay,Nay,,Yea,Nay,Yea,Nay,Not Voting,Yea,Nay,Nay,Nay,Not Voting,Nay,Nay,Nay,Nay,Nay,Not Voting,Nay,Nay,Not Voting,Nay,Nay,Nay,Nay,Nay,Yea,Nay,Not Voting,Nay,Nay,Nay,Nay,Nay,Nay,Nay,,Nay,Present,Yea,Nay,Yea,,Yea,1955-06-02,0,,Rejected,s2090
Yea,Not Voting,Nay,,Yea,Yea,Not Voting,Yea,Nay,Yea,Present,Yea,Yea,Nay,Yea,Yea,Yea,Not Voting,Present,Not Voting,Yea,Yea,Nay,Yea,Nay,Yea,Yea,Nay,Nay,Nay,Yea,Nay,Not Voting,Nay,Yea,Present,Not Voting,Nay,Nay,Yea,Nay,Nay,Yea,Nay,,Yea,Nay,Yea,Nay,Nay,Nay,Not Voting,Nay,,Yea,Yea,,Yea,Nay,Nay,Nay,Not Voting,Nay,Yea,Yea,Yea,Present,Nay,Yea,Nay,Nay,Yea,Not Voting,Nay,Nay,Not Voting,Nay,Yea,Yea,Yea,Nay,Nay,Yea,Not Voting,Nay,Nay,Yea,Yea,Nay,Nay,Nay,,Yea,Present,Yea,Yea,Yea,,Yea,1955-06-02,0,,Rejected,s2090
Yea,Not Voting,Yea,,Nay,Yea,Not Voting,Yea,Yea,Yea,Not Voting,Yea,Yea,Nay,Present,Yea,Yea,Not Voting,Present,Not Voting,Yea,Nay,Nay,Yea,Yea,Yea,Nay,Nay,Nay,Yea,Yea,Not Voting,Not Voting,Yea,Nay,Present,Not Voting,Yea,Yea,Yea,Yea,Yea,Nay,Yea,,Yea,Yea,Nay,Yea,Nay,Yea,Not Voting,Nay,,Yea,Yea,,Nay,Yea,Yea,Yea,Not Voting,Yea,Yea,Yea,Nay,Present,Yea,Yea,Yea,Yea,Yea,Not Voting,Yea,Yea,Not Voting,Yea,Yea,Yea,Yea,Yea,Nay,Yea,Present,Yea,Yea,Yea,Yea,Not Voting,Yea,Yea,,Yea,Not Voting,Nay,Yea,Nay,,Nay,1955-06-02,0,,Passed,s2090
Nay,Yea,Nay,,Yea,Yea,Yea,Yea,Nay,Yea,Yea,Nay,Yea,Yea,Yea,Yea,Nay,Yea,Not Voting,Not Voting,Yea,Yea,Nay,Not Voting,Nay,Nay,Yea,Yea,Nay,Nay,Nay,Nay,Nay,Nay,Yea,Nay,Not Voting,Nay,Nay,Yea,Nay,Yea,Yea,Nay,,Nay,Nay,Yea,Nay,Nay,Nay,Nay,Nay,,Yea,Yea,,Nay,Nay,Not Voting,Nay,Not Voting,Nay,Yea,Not Voting,Yea,Present,Nay,Yea,Nay,Nay,Yea,Not Voting,Nay,Nay,Nay,Not Voting,Yea,Not Voting,Nay,Yea,Yea,Yea,Yea,Nay,Not Voting,Yea,Nay,Nay,Nay,Nay,,Yea,Yea,Yea,Not Voting,Yea,,Not Voting,1955-06-07,0,,Rejected,s2126
Yea,Yea,Yea,,Nay,Yea,Yea,Yea,Yea,Nay,Yea,Yea,Yea,Nay,Yea,Nay,Yea,Nay,Not Voting,Not Voting,Yea,Nay,Nay,Not Voting,Yea,Yea,Nay,Nay,Yea,Yea,Yea,Yea,Yea,Yea,Nay,Yea,Not Voting,Yea,Yea,Nay,Yea,Nay,Nay,Yea,,Yea,Yea,Nay,Yea,Yea,Yea,Yea,Yea,,Yea,Yea,,Yea,Yea,Not Voting,Yea,Yea,Yea,Nay,Not Voting,Yea,Present,Yea,Yea,Yea,Yea,Nay,Not Voting,Yea,Yea,Yea,Not Voting,Yea,Not Voting,Yea,Nay,Nay,Yea,Nay,Yea,Nay,Yea,Yea,Yea,Nay,Yea,,Yea,Nay,Nay,Yea,Nay,,Not Voting,1955-06-07,0,,Passed,s2126
Nay,Present,Present,,Yea,Not Voting,Yea,Yea,Yea,Yea,Yea,Yea,Yea,Nay,Present,Yea,Yea,Yea,Yea,Present,Present,Not Voting,Yea,Present,Nay,Yea,Yea,Present,Yea,Nay,Not Voting,Nay,Present,Present,Present,Nay,Yea,Yea,Nay,Present,Nay,Yea,Yea,Nay,,Nay,Nay,Nay,Yea,Yea,Present,Not Voting,Yea,,Yea,Yea,,Yea,Nay,Nay,Nay,Yea,Not Voting,Yea,Yea,Yea,Yea,Nay,Yea,Yea,Not Voting,Yea,Not Voting,Yea,Nay,Nay,Yea,Yea,Present,Yea,Yea,Yea,Yea,Yea,Not Voting,Yea,Yea,Yea,Nay,Yea,Nay,,Yea,Yea,Nay,Yea,Nay,,Yea,1955-06-16,0,,Adopted,hr6367
Nay,Present,Present,,Nay,Not Voting,Nay,Yea,Yea,Nay,Yea,Yea,Yea,Present,Present,Nay,Yea,Nay,Yea,Present,Present,Not Voting,Yea,Present,Nay,Yea,Nay,Present,Yea,Yea,Present,Nay,Present,Present,Present,Yea,Yea,Yea,Yea,Present,Yea,Yea,Yea,Yea,,Not Voting,Yea,Nay,Yea,Yea,Present,Not Voting,Nay,,Yea,Yea,,Yea,Yea,Yea,Yea,Yea,Yea,Yea,Not Voting,Nay,Yea,Yea,Yea,Yea,Present,Nay,Present,Yea,Yea,Yea,Yea,Yea,Present,Yea,Yea,Nay,Yea,Nay,Present,Yea,Yea,Yea,Nay,Yea,Yea,,Yea,Yea,Nay,Yea,Nay,,Nay,1955-06-16,0,,Adopted,hr6367
Yea,Not Voting,Not Voting,,Yea,Not Voting,Yea,Yea,Yea,Yea,Present,Not Voting,Not Voting,Not Voting,Present,Yea,Yea,Yea,Yea,Not Voting,Not Voting,Not Voting,Not Voting,Present,Yea,Not Voting,Yea,Not Voting,Yea,Yea,Not Voting,Yea,Yea,Not Voting,Present,Yea,Yea,Yea,Yea,Present,Yea,Yea,Yea,Yea,,Yea,Yea,Nay,Yea,Yea,Not Voting,Not Voting,Not Voting,,Yea,Yea,,Not Voting,Yea,Yea,Yea,Nay,Yea,Yea,Yea,Nay,Yea,Yea,Yea,Yea,Yea,Yea,Not Voting,Yea,Not Voting,Yea,Yea,Yea,Present,Yea,Not Voting,Present,Yea,Yea,Not Voting,Yea,Yea,Yea,Yea,Yea,Yea,,Yea,Yea,Present,Yea,Yea,,Yea,1955-06-17,0,,Ratified,
Nay,Nay,Not Voting,,Nay,Nay,Nay,Nay,Yea,Nay,Not Voting,Nay,Nay,Yea,Nay,Nay,Nay,Nay,Yea,Not Voting,Not Voting,Nay,Yea,Not Voting,Yea,Nay,Nay,Not Voting,Not Voting,Yea,Nay,Yea,Yea,Not Voting,Nay,Yea,Not Voting,Yea,Yea,Nay,Yea,Nay,Nay,Not Voting,,Nay,Not Voting,Present,Yea,Yea,Yea,Yea,Not Voting,,Nay,Nay,,Yea,Yea,Yea,Yea,Nay,Yea,Nay,Nay,Yea,Yea,Yea,Not Voting,Yea,Yea,Nay,Not Voting,Yea,Yea,Yea,Yea,Nay,Not Voting,Nay,Yea,Yea,Nay,Nay,Yea,Yea,Nay,Nay,Yea,Yea,Yea,,Nay,Nay,Nay,Yea,Nay,,Not Voting,1955-06-20,0,,Passed,hr6042
Nay,Yea,Present,,Yea,Yea,Yea,Yea,Nay,Yea,Present,Yea,Yea,Nay,Yea,Yea,Nay,Yea,Nay,Present,Present,Yea,Nay,Present,Nay,Yea,Yea,Not Voting,Nay,Nay,Nay,Nay,Nay,Present,Yea,Nay,Not Voting,Nay,Nay,Yea,Nay,Nay,Yea,Not Voting,,Yea,Not Voting,Present,Nay,Nay,Nay,Nay,Not Voting,,Yea,Nay,,Nay,Nay,Yea,Nay,Yea,Nay,Yea,Yea,Yea,Nay,Nay,Present,Nay,Nay,Yea,Present,Nay,Nay,Nay,Nay,Nay,Present,Nay,Nay,Nay,Nay,Yea,Nay,Nay,Yea,Nay,Nay,Nay,Nay,,Yea,Yea,Yea,Yea,Yea,,Yea,1955-06-20,0,,Rejected,hr6042
Yea,Yea,Present,,Yea,Yea,Yea,Yea,Yea,Yea,Not Voting,Yea,Yea,Yea,Yea,Yea,Yea,Yea,Yea,Not Voting,Not Voting,Yea,Yea,Present,Yea,Yea,Yea,Not Voting,Yea,Yea,Yea,Yea,Yea,Not Voting,Yea,Yea,Not Voting,Yea,Yea,Yea,Yea,Yea,Yea,Not Voting,,Yea,Not Voting,Present,Yea,Yea,Yea,Yea,Not Voting,,Yea,Yea,,Yea,Yea,Yea,Yea,Yea,Yea,Yea,Yea,Yea,Yea,Yea,Present,Yea,Yea,Yea,Not Voting,Yea,Yea,Yea,Yea,Yea,Present,Yea,Yea,Yea,Yea,Not Voting,Yea,Yea,Yea,Yea,Yea,Yea,Yea,,Yea,Yea,Yea,Yea,Yea,,Yea,1955-06-20,0,,Passed,hr6042
Not Voting,Nay,Nay,,Nay,Nay,Nay,Nay,Nay,Nay,Nay,Nay,Nay,Nay,Nay,Nay,Nay,Nay,Nay,Nay,Not Voting,Nay,Nay,Not Voting,Nay,Nay,Nay,Present,Nay,Nay,Not Voting,Nay,Nay,Not Voting,Not Voting,Nay,Nay,Nay,Nay,Nay,Nay,Nay,Nay,Not Voting,,Nay,Nay,Yea,Nay,Nay,Nay,Nay,Nay,,Nay,Nay,,Yea,Nay,Nay,Not Voting,Yea,Nay,Nay,Nay,Yea,Nay,Nay,Nay,Nay,Nay,Nay,Not Voting,Nay,Nay,Nay,Nay,Nay,Not Voting,Nay,Nay,Not Voting,Nay,Nay,Nay,Nay,Not Voting,Nay,Nay,Nay,Nay,,Nay,Nay,Nay,Present,Nay,,Nay,1955-06-22,0,,Rejected,sres116
Present,Yea,Yea,,Yea,Present,Yea,Yea,Yea,Yea,Present,Yea,Yea,Yea,Yea,Yea,Yea,Yea,Yea,Nay,Present,Yea,Yea,Present,Nay,Present,Yea,Yea,Present,Yea,Present,Yea,Yea,Present,Yea,Nay,Nay,Yea,Nay,Yea,Nay,Yea,Yea,Not Voting,,Yea,Nay,Yea,Yea,Nay,Present,Not Voting,Nay,,Yea,Yea,,Nay,Nay,Yea,Not Voting,Yea,Nay,Yea,Yea,Yea,Yea,Nay,Yea,Yea,Nay,Yea,Present,Nay,Nay,Nay,Nay,Yea,Present,Present,Yea,Present,Yea,Yea,Nay,Present,Not Voting,Yea,Nay,Yea,Present,,Yea,Yea,Yea,Present,Yea,,Yea,1955-06-23,0,,Passed,s256
Yea,Yea,Nay,,Yea,Yea,Yea,Yea,Nay,Yea,Yea,Yea,Yea,Nay,Yea,Yea,Yea,Yea,Not Voting,Nay,Yea,Yea,Nay,Not Voting,Nay,Yea,Yea,Nay,Nay,Nay,Yea,Nay,Nay,Not Voting,Not Voting,Nay,Nay,Nay,Nay,Yea,Nay,Nay,Yea,Nay,,Yea,Nay,Yea,Nay,Nay,Nay,Not Voting,Nay,,Yea,Yea,,Present,Nay,Nay,Not Voting,Yea,Nay,Yea,Yea,Not Voting,Nay,Nay,Yea,Nay,Not Voting,Yea,Not Voting,Nay,Nay,Nay,Nay,Yea,Yea,Yea,Nay,Nay,Yea,Yea,Nay,Nay,Not Voting,Yea,Nay,Nay,Nay,,Yea,Yea,Present,Present,Yea,,Yea,1955-06-28,0,,Rejected,hr6795
Yea,Yea,Yea,,Yea,Yea,Not Voting,Yea,Yea,Yea,Present,Yea,Not Voting,Not Voting,Yea,Yea,Yea,Yea,Yea,Yea,Yea,Yea,Yea,Present,Yea,Yea,Yea,Nay,Nay,Nay,Yea,Nay,Present,Present,Present,Present,Yea,Yea,Yea,Yea,Nay,Yea,Yea,Yea,,Yea,Yea,Present,Yea,Nay,Not Voting,Not Voting,Yea,,Yea,Yea,,Present,Yea,Nay,Not Voting,Nay,Yea,Yea,Yea,Not Voting,Nay,Yea,Yea,Yea,Yea,Nay,Not Voting,Yea,Yea,Yea,Yea,Yea,Yea,Not Voting,Nay,Nay,Yea,Yea,Yea,Yea,Not Voting,Yea,Present,Nay,Yea,,Yea,Yea,Present,Present,Not Voting,,Nay,1955-06-29,0,,Passed,s669
Yea,Yea,Yea,,Yea,Not Voting,Yea,Yea,Yea,Yea,Yea,Yea,Yea,Yea,Yea,Yea,Not Voting,Yea,Yea,Yea,Yea,Not Voting,Not Voting,Present,Yea,Yea,Yea,Yea,Yea,Yea,Yea,Yea,Yea,Not Voting,Yea,Yea,Not Voting,Yea,Yea,Yea,Yea,Yea,Yea,Not Voting,,Yea,Yea,Present,Not Voting,Yea,Yea,Not Voting,Yea,,Yea,Yea,,Yea,Yea,Yea,Yea,Present,Yea,Yea,Yea,Yea,Yea,Yea,Yea,Yea,Yea,Yea,Not Voting,Yea,Yea,Not Voting,Yea,Yea,Yea,Not Voting,Yea,Present,Yea,Yea,Yea,Yea,Yea,Yea,Yea,Yea,Yea,,Not Voting,Yea,Present,Present,Yea,,Yea,1955-07-06,0,,unknown,
Yea,Yea,Yea,,Yea,Yea,Yea,Yea,Yea,Yea,Yea,Yea,Yea,Yea,Yea,Yea,Yea,Yea,Yea,Yea,Yea,Yea,Yea,Yea,Yea,Yea,Yea,Yea,Yea,Yea,Yea,Yea,Yea,Yea,Yea,Not Voting,Yea,Yea,Yea,Yea,Yea,Yea,Yea,Yea,,Yea,Yea,Present,Not Voting,Yea,Not Voting,Yea,Yea,,Yea,Yea,,Yea,Yea,Yea,Yea,Not Voting,Yea,Yea,Yea,Yea,Not Voting,Yea,Yea,Yea,Yea,Yea,Yea,Yea,Yea,Yea,Yea,Yea,Yea,Yea,Yea,Yea,Yea,Yea,Yea,Yea,Yea,Yea,Yea,Yea,Yea,,Yea,Yea,Yea,Present,Yea,,Yea,1955-07-14,0,,Adopted,sres127
Yea,Yea,Yea,,Yea,Yea,Yea,Yea,Yea,Yea,Yea,Yea,Yea,Yea,Yea,Yea,Yea,Yea,Yea,Yea,Yea,Yea,Yea,Yea,Yea,Present,Yea,Yea,Yea,Yea,Yea,Yea,Present,Yea,Yea,Not Voting,Yea,Yea,Yea,Yea,Yea,Yea,Yea,Yea,,Yea,Yea,Yea,Not Voting,Yea,Not Voting,Yea,Yea,,Yea,Yea,,Yea,Yea,Yea,Yea,Not Voting,Yea,Yea,Yea,Yea,Not Voting,Yea,Yea,Yea,Yea,Yea,Yea,Yea,Yea,Yea,Yea,Yea,Yea,Yea,Yea,Yea,Yea,Yea,Yea,Yea,Yea,Yea,Yea,Yea,Yea,,Yea,Yea,Yea,Present,Yea,,Yea,1955-07-14,0,,Adopted,hconres149
Nay,Nay,Nay,,Yea,Nay,Nay,Nay,Nay,Nay,Nay,Nay,Nay,Nay,Yea,Yea,Nay,Nay,Nay,Nay,Nay,Yea,Nay,Nay,Nay,Nay,Nay,Nay,Nay,Nay,Not Voting,Nay,Nay,Not Voting,Yea,Present,Present,Nay,Nay,Nay,Nay,Nay,Yea,Nay,,Nay,Nay,Yea,Not Voting,Nay,Not Voting,Not Voting,Nay,,Nay,Nay,,Yea,Nay,Nay,Nay,Yea,Nay,Nay,Nay,Yea,Present,Nay,Nay,Nay,Nay,Yea,Not Voting,Not Voting,Nay,Nay,Nay,Nay,Present,Nay,Nay,Nay,Nay,Yea,Nay,Nay,Nay,Nay,Nay,Nay,Nay,,Nay,Nay,Yea,Present,Nay,,Yea,1955-07-14,0,,Rejected,hr7000
Yea,Yea,Yea,,Yea,Yea,Yea,Yea,Yea,Yea,Yea,Yea,Yea,Yea,Yea,Yea,Yea,Yea,Yea,Yea,Yea,Yea,Yea,Yea,Yea,Yea,Yea,Yea,Yea,Yea,Not Voting,Yea,Yea,Not Voting,Yea,Present,Present,Yea,Yea,Yea,Yea,Yea,Yea,Yea,,Yea,Yea,Present,Not Voting,Yea,Not Voting,Not Voting,Yea,,Yea,Yea,,Nay,Yea,Yea,Yea,Yea,Not Voting,Yea,Yea,Yea,Not Voting,Yea,Yea,Yea,Yea,Yea,Not Voting,Not Voting,Yea,Yea,Yea,Yea,Not Voting,Yea,Yea,Yea,Yea,Present,Yea,Yea,Yea,Yea,Yea,Yea,Yea,,Yea,Yea,Yea,Not Voting,Yea,,Yea,1955-07-14,0,,unknown,hr7000
Yea,Yea,Nay,,Yea,Yea,Yea,Yea,Nay,Yea,Yea,Yea,Yea,Yea,Yea,Yea,Yea,Yea,Nay,Nay,Yea,Yea,Nay,Yea,Nay,Yea,Yea,Nay,Nay,Nay,Yea,Nay,Nay,Nay,Yea,Nay,Nay,Nay,Nay,Yea,Nay,Nay,Yea,Nay,,Yea,Nay,Yea,Not Voting,Nay,Nay,Not Voting,Nay,,Yea,Yea,,Yea,Nay,Nay,Nay,Not Voting,Nay,Yea,Yea,Yea,Nay,Nay,Yea,Nay,Nay,Yea,Nay,Nay,Nay,Nay,Nay,Yea,Yea,Yea,Yea,Nay,Yea,Present,Nay,Not Voting,Yea,Yea,Nay,Nay,Nay,,Yea,Yea,Yea,Yea,Nay,,Yea,1955-07-19,0,,Agreed To,s2391
Yea,Yea,Nay,,Nay,Yea,Yea,Yea,Nay,Nay,Yea,Yea,Yea,Nay,Nay,Yea,Yea,Nay,Nay,Yea,Yea,Nay,Nay,Yea,Yea,Yea,Nay,Nay,Nay,Nay,Not Voting,Not Voting,Nay,Not Voting,Nay,Nay,Yea,Yea,Yea,Yea,Yea,Yea,Nay,Yea,,Yea,Not Voting,Nay,Not Voting,Nay,Yea,Nay,Nay,,Yea,Yea,,Nay,Yea,Nay,Not Voting,Not Voting,Nay,Present,Yea,Yea,Nay,Yea,Yea,Nay,Yea,Nay,Nay,Yea,Yea,Yea,Yea,Yea,Yea,Yea,Nay,Nay,Yea,Nay,Nay,Nay,Yea,Yea,Yea,Yea,Yea,,Yea,Yea,Nay,Yea,Nay,,Nay,1955-07-22,0,,Adopted,hr7224
Nay,Nay,Nay,,Yea,Nay,Nay,Nay,Yea,Present,Nay,Nay,Nay,Yea,Nay,Nay,Nay,Yea,Nay,Nay,Not Voting,Yea,Yea,Nay,Nay,Nay,Yea,Yea,Yea,Yea,Not Voting,Not Voting,Nay,Not Voting,Yea,Nay,Nay,Nay,Nay,Nay,Nay,Nay,Yea,Nay,,Nay,Not Voting,Yea,Not Voting,Yea,Not Voting,Nay,Yea,,Nay,Nay,,Nay,Nay,Yea,Not Voting,Present,Nay,Present,Nay,Nay,Yea,Nay,Nay,Nay,Nay,Nay,Nay,Nay,Nay,Nay,Nay,Nay,Nay,Nay,Yea,Yea,Nay,Nay,Nay,Nay,Nay,Nay,Nay,Nay,Nay,,Nay,Nay,Yea,Nay,Yea,,Nay,1955-07-22,0,,Rejected,hr7224
Nay,Nay,Nay,,Yea,Nay,Nay,Nay,Yea,Present,Nay,Nay,Nay,Yea,Nay,Nay,Nay,Yea,Nay,Nay,Not Voting,Yea,Nay,Nay,Nay,Nay,Yea,Yea,Yea,Yea,Not Voting,Not Voting,Nay,Not Voting,Not Voting,Nay,Nay,Nay,Nay,Nay,Nay,Nay,Yea,Nay,,Nay,Not Voting,Yea,Not Voting,Yea,Not Voting,Nay,Yea,,Nay,Nay,,Yea,Nay,Yea,Not Voting,Present,Nay,Present,Nay,Nay,Yea,Nay,Nay,Nay,Nay,Yea,Nay,Nay,Nay,Nay,Nay,Nay,Nay,Nay,Yea,Yea,Nay,Yea,Yea,Nay,Nay,Nay,Nay,Nay,Nay,,Nay,Nay,Yea,Nay,Yea,,Nay,1955-07-22,0,,Rejected,hr7224
Yea,Yea,Yea,,Yea,Yea,Yea,Yea,Yea,Present,Yea,Yea,Yea,Yea,Yea,Yea,Yea,Yea,Yea,Yea,Not Voting,Yea,Yea,Yea,Nay,Nay,Yea,Yea,Yea,Yea,Not Voting,Not Voting,Nay,Not Voting,Yea,Yea,Yea,Yea,Nay,Yea,Yea,Yea,Yea,Nay,,Yea,Not Voting,Yea,Not Voting,Yea,Present,Nay,Yea,,Yea,Yea,,Yea,Nay,Yea,Not Voting,Present,Nay,Present,Yea,Yea,Yea,Nay,Yea,Yea,Nay,Yea,Nay,Nay,Nay,Yea,Yea,Yea,Yea,Yea,Yea,Yea,Yea,Not Voting,Yea,Yea,Yea,Yea,Nay,Yea,Nay,,Yea,Yea,Yea,Nay,Yea,,Yea,1955-07-22,0,,Adopted,hr7224
Yea,Yea,Nay,,Nay,Yea,Yea,Yea,Nay,Present,Yea,Yea,Yea,Nay,Yea,Yea,Yea,Nay,Yea,Yea,Not Voting,Nay,Nay,Yea,Yea,Yea,Nay,Nay,Nay,Nay,Not Voting,Not Voting,Nay,Not Voting,Nay,Nay,Yea,Yea,Yea,Yea,Nay,Yea,Nay,Nay,,Yea,Not Voting,Nay,Not Voting,Nay,Not Voting,Nay,Nay,,Yea,Yea,,Nay,Yea,Nay,Not Voting,Present,Nay,Present,Yea,Yea,Nay,Nay,Yea,Nay,Nay,Yea,Nay,Nay,Yea,Yea,Yea,Yea,Yea,Yea,Nay,Nay,Yea,Not Voting,Yea,Nay,Yea,Yea,Yea,Yea,Nay,,Yea,Yea,Nay,Yea,Nay,,Nay,1955-07-22,0,,Adopted,hr7224
Yea,Yea,Yea,,Nay,Yea,Yea,Yea,Yea,Present,Yea,Yea,Yea,Nay,Yea,Yea,Yea,Nay,Yea,Yea,Not Voting,Nay,Nay,Yea,Yea,Yea,Nay,Nay,Nay,Yea,Not Voting,Present,Yea,Not Voting,Nay,Yea,Yea,Yea,Yea,Yea,Yea,Yea,Nay,Yea,,Yea,Not Voting,Nay,Not Voting,Nay,Not Voting,Yea,Nay,,Yea,Yea,,Nay,Yea,Nay,Not Voting,Not Voting,Yea,Present,Yea,Yea,Nay,Yea,Yea,Yea,Yea,Yea,Yea,Yea,Yea,Yea,Yea,Yea,Yea,Yea,Nay,Nay,Yea,Not Voting,Yea,Yea,Yea,Yea,Yea,Yea,Yea,,Yea,Yea,Nay,Yea,Nay,,Nay,1955-07-22,0,,Passed,hr7224
Yea,Yea,Yea,,Not Voting,Yea,Yea,Yea,Yea,Yea,Yea,Not Voting,Yea,Yea,Yea,Yea,Yea,Yea,Yea,Yea,Yea,Yea,Yea,Yea,Yea,Yea,Yea,Yea,Yea,Yea,Yea,Not Voting,Not Voting,Yea,Yea,Not Voting,Yea,Yea,Yea,Yea,Yea,Yea,Yea,Yea,,Yea,Yea,Present,Not Voting,Yea,Yea,Not Voting,Yea,,Yea,Yea,,Yea,Yea,Yea,Yea,Yea,Yea,Yea,Yea,Present,Not Voting,Yea,Yea,Yea,Yea,Not Voting,Yea,Yea,Yea,Not Voting,Yea,Yea,Yea,Yea,Yea,Yea,Yea,Not Voting,Yea,Yea,Yea,Yea,Yea,Yea,Yea,,Yea,Yea,Yea,Yea,Yea,,Yea,1955-07-27,0,,Ratified,
Nay,Yea,Nay,,Present,Nay,Nay,Yea,Nay,Yea,Yea,Yea,Nay,Nay,Nay,Yea,Yea,Yea,Nay,Nay,Yea,Yea,Nay,Yea,Nay,Nay,Nay,Nay,Nay,Nay,Yea,Not Voting,Nay,Nay,Yea,Nay,Nay,Nay,Nay,Yea,Nay,Nay,Yea,Nay,,Nay,Nay,Present,Not Voting,Nay,Nay,Nay,Nay,,Yea,Nay,,Nay,Nay,Nay,Nay,Nay,Nay,Yea,Yea,Nay,Nay,Nay,Yea,Nay,Nay,Yea,Nay,Nay,Nay,Nay,Nay,Nay,Nay,Yea,Nay,Nay,Yea,Not Voting,Nay,Not Voting,Yea,Nay,Nay,Nay,Nay,,Nay,Yea,Nay,Nay,Nay,,Nay,1955-07-28,0,,Rejected,hr4744
Yea,Yea,Yea,,Present,Yea,Yea,Yea,Yea,Yea,Yea,Yea,Yea,Yea,Yea,Yea,Yea,Yea,Yea,Yea,Yea,Yea,Yea,Yea,Yea,Yea,Yea,Yea,Yea,Yea,Yea,Not Voting,Yea,Yea,Yea,Yea,Yea,Yea,Yea,Yea,Yea,Yea,Yea,Yea,,Yea,Yea,Present,Not Voting,Yea,Yea,Yea,Yea,,Yea,Yea,,Yea,Yea,Yea,Yea,Yea,Yea,Yea,Yea,Yea,Yea,Yea,Yea,Yea,Yea,Yea,Yea,Yea,Yea,Yea,Yea,Yea,Yea,Yea,Yea,Yea,Yea,Not Voting,Yea,Yea,Yea,Yea,Yea,Yea,Yea,,Yea,Yea,Yea,Yea,Yea,,Yea,1955-07-28,0,,Passed,hr4744
Nay,Yea,Yea,,Not Voting,Nay,Nay,Yea,Yea,Present,Yea,Nay,Nay,Present,Yea,Yea,Nay,Yea,Yea,Yea,Nay,Yea,Yea,Yea,Nay,Nay,Yea,Yea,Yea,Yea,Not Voting,Not Voting,Nay,Nay,Yea,Nay,Nay,Yea,Nay,Present,Nay,Nay,Yea,Yea,,Nay,Yea,Yea,Not Voting,Yea,Yea,Nay,Yea,,Yea,Yea,,Yea,Nay,Yea,Yea,Yea,Yea,Nay,Yea,Yea,Nay,Yea,Yea,Nay,Yea,Yea,Yea,Yea,Yea,Yea,Nay,Nay,Yea,Nay,Nay,Nay,Nay,Present,Yea,Nay,Yea,Nay,Nay,Nay,Nay,,Yea,Yea,Yea,Yea,Nay,,Yea,1955-07-29,0,,Passed,hr6373
Yea,Yea,Yea,,Not Voting,Yea,Yea,Yea,Yea,Yea,Yea,Yea,Yea,Nay,Yea,Yea,Yea,Nay,Yea,Yea,Yea,Yea,Yea,Yea,Yea,Not Voting,Yea,Yea,Yea,Nay,Not Voting,Not Voting,Yea,Yea,Yea,Nay,Yea,Yea,Yea,Not Voting,Yea,Yea,Yea,Yea,,Yea,Nay,Present,Not Voting,Nay,Yea,Not Voting,Nay,,Yea,Yea,,Yea,Yea,Nay,Nay,Present,Yea,Yea,Yea,Yea,Yea,Yea,Yea,Yea,Yea,Yea,Yea,Yea,Nay,Yea,Yea,Yea,Yea,Yea,Nay,Nay,Yea,Not Voting,Yea,Yea,Yea,Yea,Yea,Nay,Yea,,Yea,Yea,Yea,Yea,Yea,,Yea,1955-07-29,0,,Agreed To,
Yea,Yea,Yea,,Not Voting,Yea,Yea,Yea,Yea,Yea,Yea,Yea,Yea,Yea,Yea,Yea,Yea,Yea,Yea,Yea,Yea,Yea,Yea,Yea,Yea,Not Voting,Yea,Yea,Yea,Yea,Not Voting,Not Voting,Yea,Yea,Yea,Yea,Yea,Yea,Yea,Not Voting,Yea,Yea,Yea,Yea,,Yea,Yea,Yea,Not Voting,Yea,Yea,Not Voting,Yea,,Yea,Yea,,Yea,Yea,Yea,Yea,Not Voting,Yea,Yea,Yea,Yea,Yea,Yea,Yea,Yea,Yea,Yea,Yea,Yea,Yea,Yea,Yea,Yea,Yea,Yea,Not Voting,Yea,Yea,Not Voting,Yea,Yea,Yea,Yea,Yea,Yea,Yea,,Yea,Yea,Yea,Yea,Yea,,Yea,1955-07-29,0,,Ratified,
Yea,Yea,Nay,,Present,Nay,Yea,Yea,Nay,Yea,Yea,Yea,Yea,Yea,Yea,Yea,Yea,Yea,Yea,Nay,Yea,Yea,Nay,Yea,Nay,Yea,Yea,Not Voting,Yea,Nay,Present,Present,Nay,Present,Yea,Nay,Nay,Nay,Nay,Present,Nay,Nay,Yea,Nay,,Nay,Nay,Yea,Not Voting,Nay,Nay,Not Voting,Nay,,Yea,Yea,,Nay,Nay,Nay,Nay,Present,Nay,Yea,Yea,Yea,Yea,Nay,Yea,Nay,Yea,Yea,Nay,Nay,Nay,Nay,Nay,Nay,Not Voting,Yea,Yea,Present,Yea,Not Voting,Nay,Nay,Yea,Nay,Nay,Yea,Nay,,Yea,Yea,Yea,Yea,Yea,,Nay,1955-07-29,0,,Confirmed,
Nay,Nay,Nay,,Present,Yea,Nay,Nay,Nay,Nay,Present,Yea,Nay,Yea,Nay,Nay,Nay,Nay,Nay,Nay,Nay,Nay,Nay,Nay,Nay,Nay,Nay,Nay,Nay,Nay,Nay,Present,Nay,Nay,Yea,Nay,Nay,Nay,Nay,Nay,Nay,Nay,Nay,Nay,,Nay,Nay,Yea,Not Voting,Nay,Nay,Present,Nay,,Nay,Nay,,Nay,Nay,Nay,Nay,Yea,Nay,Nay,Nay,Nay,Nay,Nay,Nay,Nay,Nay,Nay,Nay,Nay,Nay,Nay,Nay,Yea,Nay,Nay,Yea,Nay,Nay,Present,Not Voting,Nay,Nay,Nay,Nay,Nay,Nay,,Nay,Nay,Nay,Nay,Yea,,Nay,1955-07-30,0,,Rejected,hr5168
Nay,Nay,Nay,,Present,Yea,Yea,Nay,Nay,Present,Present,Nay,Present,Not Voting,Nay,Nay,Yea,Nay,Present,Nay,Nay,Nay,Not Voting,Nay,Yea,Nay,Nay,Not Voting,Nay,Nay,Nay,Present,Nay,Not Voting,Nay,Present,Nay,Nay,Yea,Nay,Nay,Nay,Nay,Yea,,Yea,Yea,Present,Not Voting,Nay,Yea,Present,Nay,,Nay,Yea,,Yea,Yea,Nay,Yea,Nay,Nay,Nay,Nay,Nay,Nay,Yea,Nay,Nay,Yea,Nay,Yea,Yea,Yea,Present,Nay,Nay,Yea,Present,Nay,Nay,Nay,Present,Nay,Nay,Nay,Nay,Nay,Nay,Yea,,Nay,Nay,Present,Nay,Nay,,Nay,1955-08-01,0,,Rejected,hr4048
Yea,Yea,Present,,Present,Yea,Yea,Yea,Present,Present,Present,Yea,Present,Present,Yea,Yea,Yea,Yea,Present,Nay,Yea,Yea,Present,Yea,Nay,Yea,Yea,Present,Nay,Nay,Yea,Present,Nay,Present,Yea,Present,Nay,Nay,Nay,Present,Nay,Nay,Yea,Nay,,Yea,Nay,Present,Not Voting,Nay,Nay,Present,Nay,,Yea,Yea,,Nay,Nay,Nay,Nay,Yea,Nay,Yea,Yea,Yea,Nay,Nay,Yea,Nay,Nay,Yea,Nay,Not Voting,Nay,Present,Not Voting,Yea,Yea,Present,Nay,Present,Yea,Present,Nay,Nay,Yea,Yea,Nay,Nay,Nay,,Yea,Yea,Present,Yea,Present,,Yea,1955-08-01,0,,Agreed To,s2391
Yea,Yea,Present,,Not Voting,Yea,Yea,Yea,Yea,Not Voting,Not Voting,Yea,Not Voting,Yea,Yea,Yea,Yea,Yea,Nay,Nay,Yea,Yea,Present,Yea,Nay,Yea,Yea,Present,Yea,Yea,Yea,Present,Nay,Present,Yea,Present,Nay,Nay,Nay,Present,Nay,Yea,Yea,Nay,,Yea,Nay,Present,Present,Nay,Nay,Not Voting,Yea,,Yea,Yea,,Nay,Nay,Yea,Nay,Yea,Nay,Yea,Yea,Yea,Yea,Nay,Yea,Nay,Nay,Yea,Nay,Nay,Nay,Nay,Present,Yea,Yea,Not Voting,Yea,Yea,Yea,Not Voting,Nay,Nay,Yea,Yea,Nay,Yea,Nay,,Yea,Yea,Present,Yea,Yea,,Yea,1955-08-02,0,,Confirmed,
